&a / °	I1 / %
2,736	7,6
2,733	7,6
2,731	7,6
2,728	7,6
2,725	7,6
2,723	7,6
2,720	7,6
2,717	7,6
2,715	7,6
2,712	7,6
2,709	7,6
2,707	7,6
2,704	7,6
2,701	7,6
2,699	7,6
2,696	7,6
2,693	7,6
2,691	7,6
2,688	7,5
2,685	7,5
2,683	7,5
2,680	7,5
2,677	7,5
2,675	7,5
2,672	7,5
2,669	7,5
2,667	7,5
2,664	7,5
2,661	7,5
2,659	7,5
2,656	7,5
2,653	7,5
2,651	7,5
2,648	7,5
2,645	7,5
2,643	7,5
2,640	7,5
2,637	7,5
2,635	7,5
2,632	7,5
2,629	7,5
2,627	7,5
2,624	7,4
2,621	7,4
2,619	7,4
2,616	7,4
2,613	7,4
2,610	7,4
2,608	7,4
2,605	7,4
2,602	7,4
2,600	7,4
2,597	7,4
2,594	7,4
2,592	7,4
2,589	7,4
2,586	7,4
2,584	7,4
2,581	7,4
2,578	7,4
2,576	7,4
2,573	7,3
2,570	7,3
2,568	7,3
2,565	7,3
2,562	7,3
2,560	7,3
2,557	7,3
2,554	7,3
2,552	7,3
2,549	7,3
2,546	7,3
2,544	7,3
2,541	7,3
2,538	7,3
2,536	7,3
2,533	7,3
2,530	7,3
2,528	7,3
2,525	7,3
2,522	7,3
2,520	7,3
2,517	7,2
2,514	7,2
2,512	7,3
2,509	7,2
2,506	7,2
2,504	7,2
2,501	7,2
2,498	7,2
2,496	7,2
2,493	7,2
2,490	7,2
2,488	7,2
2,485	7,2
2,482	7,2
2,480	7,2
2,477	7,2
2,474	7,2
2,472	7,2
2,469	7,2
2,466	7,2
2,464	7,1
2,461	7,2
2,458	7,2
2,456	7,2
2,453	7,1
2,450	7,1
2,448	7,2
2,445	7,1
2,442	7,1
2,440	7,1
2,437	7,1
2,434	7,1
2,432	7,1
2,429	7,1
2,426	7,1
2,424	7,1
2,421	7,1
2,418	7,1
2,416	7,1
2,413	7,1
2,410	7,1
2,408	7,1
2,405	7,1
2,402	7,1
2,400	7,1
2,397	7,1
2,394	7,1
2,392	7,1
2,389	7,1
2,386	7,1
2,384	7,0
2,381	7,1
2,378	7,1
2,376	7,1
2,373	7,1
2,370	7,1
2,368	7,0
2,365	7,0
2,362	7,0
2,360	7,1
2,357	7,0
2,354	7,0
2,352	7,0
2,349	7,0
2,346	7,0
2,344	7,0
2,341	7,0
2,338	7,0
2,336	7,0
2,333	7,0
2,330	7,0
2,328	7,0
2,325	7,0
2,322	7,0
2,320	6,9
2,317	7,0
2,314	7,0
2,312	7,0
2,309	7,0
2,306	7,0
2,304	7,0
2,301	7,0
2,298	7,0
2,296	7,0
2,293	6,9
2,290	7,0
2,288	6,9
2,285	6,9
2,282	6,9
2,280	6,9
2,277	6,9
2,274	6,9
2,272	6,9
2,269	6,9
2,266	7,0
2,264	6,9
2,261	6,9
2,258	6,9
2,256	6,9
2,253	6,9
2,250	6,9
2,248	6,9
2,245	6,9
2,242	6,9
2,240	6,9
2,237	6,9
2,234	6,9
2,231	6,9
2,229	6,9
2,226	6,9
2,223	6,9
2,221	6,9
2,218	6,9
2,215	6,9
2,213	6,8
2,210	6,9
2,207	6,9
2,205	6,9
2,202	6,9
2,199	6,9
2,197	6,8
2,194	6,8
2,191	6,9
2,189	6,8
2,186	6,8
2,183	6,8
2,181	6,9
2,178	6,9
2,175	6,8
2,173	6,8
2,170	6,8
2,167	6,8
2,165	6,8
2,162	6,8
2,159	6,8
2,157	6,8
2,154	6,8
2,151	6,8
2,149	6,8
2,146	6,8
2,143	6,8
2,141	6,8
2,138	6,8
2,135	6,8
2,133	6,8
2,130	6,8
2,127	6,8
2,125	6,8
2,122	6,8
2,119	6,8
2,117	6,8
2,114	6,8
2,111	6,8
2,109	6,8
2,106	6,8
2,103	6,8
2,101	6,7
2,098	6,7
2,095	6,8
2,093	6,8
2,090	6,7
2,087	6,7
2,085	6,7
2,082	6,7
2,079	6,7
2,077	6,7
2,074	6,7
2,071	6,7
2,069	6,7
2,066	6,8
2,063	6,7
2,061	6,7
2,058	6,7
2,055	6,7
2,053	6,7
2,050	6,7
2,047	6,8
2,045	6,7
2,042	6,7
2,039	6,7
2,037	6,7
2,034	6,7
2,031	6,7
2,029	6,7
2,026	6,7
2,023	6,7
2,021	6,7
2,018	6,7
2,015	6,7
2,013	6,7
2,010	6,7
2,007	6,7
2,005	6,7
2,002	6,7
1,999	6,7
1,997	6,7
1,994	6,7
1,991	6,7
1,989	6,7
1,986	6,7
1,983	6,7
1,980	6,7
1,978	6,6
1,975	6,6
1,972	6,7
1,970	6,7
1,967	6,6
1,964	6,6
1,962	6,7
1,959	6,7
1,956	6,7
1,954	6,6
1,951	6,6
1,948	6,6
1,946	6,6
1,943	6,6
1,940	6,6
1,938	6,6
1,935	6,7
1,932	6,6
1,930	6,6
1,927	6,6
1,924	6,6
1,922	6,6
1,919	6,6
1,916	6,6
1,914	6,6
1,911	6,6
1,908	6,6
1,906	6,6
1,903	6,6
1,900	6,6
1,898	6,6
1,895	6,6
1,892	6,6
1,890	6,6
1,887	6,6
1,884	6,6
1,882	6,6
1,879	6,6
1,876	6,6
1,874	6,6
1,871	6,5
1,868	6,6
1,866	6,6
1,863	6,6
1,860	6,6
1,858	6,6
1,855	6,5
1,852	6,5
1,850	6,5
1,847	6,5
1,844	6,5
1,842	6,5
1,839	6,6
1,836	6,5
1,834	6,5
1,831	6,5
1,828	6,5
1,826	6,5
1,823	6,5
1,820	6,5
1,818	6,5
1,815	6,5
1,812	6,5
1,810	6,5
1,807	6,5
1,804	6,5
1,802	6,5
1,799	6,5
1,796	6,5
1,794	6,5
1,791	6,5
1,788	6,5
1,786	6,5
1,783	6,5
1,780	6,5
1,778	6,5
1,775	6,5
1,772	6,5
1,769	6,5
1,767	6,5
1,764	6,5
1,761	6,5
1,759	6,5
1,756	6,5
1,753	6,5
1,751	6,5
1,748	6,5
1,745	6,5
1,743	6,5
1,740	6,5
1,737	6,5
1,735	6,5
1,732	6,4
1,729	6,4
1,727	6,5
1,724	6,5
1,721	6,4
1,719	6,5
1,716	6,5
1,713	6,4
1,711	6,4
1,708	6,4
1,705	6,5
1,703	6,5
1,700	6,4
1,697	6,4
1,695	6,5
1,692	6,4
1,689	6,5
1,687	6,5
1,684	6,4
1,681	6,4
1,679	6,4
1,676	6,4
1,673	6,4
1,671	6,4
1,668	6,4
1,665	6,4
1,663	6,4
1,660	6,4
1,657	6,4
1,655	6,4
1,652	6,4
1,649	6,4
1,647	6,4
1,644	6,4
1,641	6,4
1,639	6,4
1,636	6,4
1,633	6,4
1,631	6,4
1,628	6,4
1,625	6,4
1,623	6,4
1,620	6,4
1,617	6,4
1,615	6,4
1,612	6,4
1,609	6,4
1,607	6,4
1,604	6,4
1,601	6,4
1,599	6,3
1,596	6,4
1,593	6,4
1,591	6,3
1,588	6,3
1,585	6,3
1,582	6,3
1,580	6,3
1,577	6,3
1,574	6,3
1,572	6,3
1,569	6,3
1,566	6,3
1,564	6,3
1,561	6,3
1,558	6,3
1,556	6,3
1,553	6,3
1,550	6,3
1,548	6,3
1,545	6,3
1,542	6,3
1,540	6,3
1,537	6,3
1,534	6,3
1,532	6,3
1,529	6,3
1,526	6,3
1,524	6,3
1,521	6,3
1,518	6,3
1,516	6,3
1,513	6,3
1,510	6,3
1,508	6,3
1,505	6,3
1,502	6,3
1,500	6,3
1,497	6,3
1,494	6,3
1,492	6,3
1,489	6,3
1,486	6,3
1,484	6,3
1,481	6,3
1,478	6,3
1,476	6,3
1,473	6,3
1,470	6,3
1,468	6,3
1,465	6,3
1,462	6,3
1,460	6,3
1,457	6,3
1,454	6,3
1,452	6,3
1,449	6,3
1,446	6,3
1,444	6,3
1,441	6,2
1,438	6,3
1,436	6,3
1,433	6,2
1,430	6,3
1,428	6,2
1,425	6,2
1,422	6,2
1,419	6,2
1,417	6,2
1,414	6,2
1,411	6,2
1,409	6,2
1,406	6,2
1,403	6,2
1,401	6,2
1,398	6,2
1,395	6,2
1,393	6,2
1,390	6,2
1,387	6,2
1,385	6,2
1,382	6,2
1,379	6,2
1,377	6,2
1,374	6,2
1,371	6,2
1,369	6,2
1,366	6,2
1,363	6,2
1,361	6,2
1,358	6,2
1,355	6,2
1,353	6,2
1,350	6,2
1,347	6,2
1,345	6,2
1,342	6,2
1,339	6,2
1,337	6,2
1,334	6,2
1,331	6,1
1,329	6,1
1,326	6,1
1,323	6,1
1,321	6,1
1,318	6,1
1,315	6,1
1,313	6,1
1,310	6,1
1,307	6,1
1,305	6,1
1,302	6,1
1,299	6,1
1,297	6,1
1,294	6,1
1,291	6,1
1,289	6,1
1,286	6,1
1,283	6,1
1,281	6,1
1,278	6,1
1,275	6,1
1,273	6,1
1,270	6,1
1,267	6,1
1,265	6,1
1,262	6,1
1,259	6,1
1,256	6,1
1,254	6,1
1,251	6,1
1,248	6,1
1,246	6,1
1,243	6,1
1,240	6,1
1,238	6,1
1,235	6,1
1,232	6,1
1,230	6,1
1,227	6,1
1,224	6,1
1,222	6,1
1,219	6,0
1,216	6,0
1,214	6,0
1,211	6,0
1,208	6,0
1,206	6,0
1,203	6,0
1,200	6,0
1,198	6,0
1,195	6,0
1,192	6,0
1,190	6,0
1,187	6,0
1,184	6,0
1,182	6,0
1,179	6,0
1,176	6,0
1,174	6,0
1,171	6,0
1,168	6,0
1,166	6,0
1,163	6,0
1,160	6,0
1,158	6,0
1,155	6,0
1,152	6,0
1,150	6,0
1,147	6,0
1,144	6,0
1,142	6,0
1,139	6,0
1,136	6,0
1,134	6,0
1,131	6,0
1,128	6,0
1,126	6,0
1,123	6,0
1,120	6,0
1,118	6,0
1,115	6,0
1,112	6,0
1,109	6,0
1,107	6,0
1,104	6,0
1,101	6,0
1,099	6,0
1,096	6,0
1,093	6,0
1,091	6,0
1,088	6,0
1,085	5,9
1,083	5,9
1,080	5,9
1,077	5,9
1,075	5,9
1,072	5,9
1,069	5,9
1,067	5,9
1,064	5,9
1,061	5,9
1,059	5,9
1,056	5,9
1,053	5,9
1,051	5,9
1,048	5,9
1,045	5,9
1,043	5,9
1,040	5,9
1,037	5,9
1,035	5,9
1,032	5,9
1,029	5,9
1,027	5,9
1,024	5,9
1,021	5,9
1,019	5,9
1,016	5,9
1,013	5,9
1,011	5,9
1,008	5,9
1,005	5,9
1,003	5,9
1,000	5,9
0,997	5,9
0,995	5,9
0,992	5,9
0,989	5,9
0,987	5,9
0,984	5,9
0,981	5,9
0,979	5,9
0,976	5,9
0,973	5,9
0,970	5,9
0,968	5,9
0,965	5,9
0,962	5,9
0,960	5,9
0,957	5,9
0,954	5,9
0,952	5,9
0,949	5,9
0,946	5,9
0,944	5,9
0,941	5,9
0,938	5,9
0,936	5,9
0,933	5,8
0,930	5,9
0,928	5,9
0,925	5,8
0,922	5,8
0,920	5,9
0,917	5,9
0,914	5,9
0,912	5,8
0,909	5,8
0,906	5,8
0,904	5,8
0,901	5,8
0,898	5,8
0,896	5,8
0,893	5,8
0,890	5,8
0,888	5,8
0,885	5,8
0,882	5,8
0,880	5,8
0,877	5,8
0,874	5,8
0,872	5,8
0,869	5,8
0,866	5,8
0,864	5,8
0,861	5,8
0,858	5,8
0,856	5,8
0,853	5,8
0,850	5,8
0,848	5,8
0,845	5,8
0,842	5,8
0,840	5,8
0,837	5,8
0,834	5,8
0,831	5,8
0,829	5,8
0,826	5,8
0,823	5,8
0,821	5,8
0,818	5,8
0,815	5,8
0,813	5,8
0,810	5,8
0,807	5,8
0,805	5,8
0,802	5,8
0,799	5,8
0,797	5,8
0,794	5,8
0,791	5,8
0,789	5,8
0,786	5,8
0,783	5,8
0,781	5,8
0,778	5,8
0,775	5,8
0,773	5,8
0,770	5,8
0,767	5,8
0,765	5,8
0,762	5,8
0,759	5,8
0,757	5,8
0,754	5,8
0,751	5,8
0,749	5,8
0,746	5,8
0,743	5,8
0,741	5,8
0,738	5,8
0,735	5,8
0,733	5,8
0,730	5,8
0,727	5,8
0,725	5,8
0,722	5,8
0,719	5,8
0,717	5,8
0,714	5,8
0,711	5,8
0,709	5,8
0,706	5,8
0,703	5,8
0,701	5,8
0,698	5,8
0,695	5,8
0,692	5,8
0,690	5,8
0,687	5,8
0,684	5,8
0,682	5,8
0,679	5,8
0,676	5,8
0,674	5,8
0,671	5,8
0,668	5,8
0,666	5,8
0,663	5,8
0,660	5,8
0,658	5,7
0,655	5,7
0,652	5,7
0,650	5,8
0,647	5,7
0,644	5,8
0,642	5,8
0,639	5,8
0,636	5,8
0,634	5,8
0,631	5,9
0,628	5,9
0,626	5,9
0,623	6,0
0,620	6,0
0,618	6,0
0,615	6,1
0,612	6,1
0,610	6,1
0,607	6,1
0,604	6,2
0,602	6,2
0,599	6,2
0,596	6,2
0,594	6,3
0,591	6,3
0,588	6,3
0,586	6,3
0,583	6,2
0,580	6,2
0,578	6,3
0,575	6,2
0,572	6,2
0,570	6,3
0,567	6,3
0,564	6,3
0,561	6,3
0,559	6,3
0,556	6,3
0,553	6,2
0,551	6,2
0,548	6,2
0,545	6,2
0,543	6,2
0,540	6,2
0,537	6,2
0,535	6,1
0,532	6,1
0,529	6,1
0,527	6,0
0,524	5,9
0,521	5,9
0,519	5,8
0,516	5,8
0,513	5,8
0,511	5,8
0,508	5,7
0,505	5,7
0,503	5,7
0,500	5,7
0,497	5,7
0,495	5,7
0,492	5,7
0,489	5,7
0,487	5,7
0,484	5,7
0,481	5,7
0,479	5,7
0,476	5,7
0,473	5,7
0,471	5,7
0,468	5,7
0,465	5,7
0,463	5,7
0,460	5,7
0,457	5,7
0,455	5,7
0,452	5,7
0,449	5,6
0,447	5,6
0,444	5,6
0,441	5,6
0,438	5,6
0,436	5,6
0,433	5,6
0,430	5,6
0,428	5,6
0,425	5,6
0,422	5,6
0,420	5,6
0,417	5,6
0,414	5,6
0,412	5,6
0,409	5,6
0,406	5,6
0,404	5,6
0,401	5,6
0,398	5,6
0,396	5,6
0,393	5,6
0,390	5,6
0,388	5,6
0,385	5,6
0,382	5,6
0,380	5,6
0,377	5,6
0,374	5,6
0,372	5,6
0,369	5,6
0,366	5,6
0,364	5,6
0,361	5,6
0,358	5,6
0,356	5,6
0,353	5,6
0,350	5,6
0,348	5,6
0,345	5,6
0,342	5,6
0,340	5,6
0,337	5,6
0,334	5,6
0,332	5,6
0,329	5,6
0,326	5,6
0,324	5,6
0,321	5,6
0,318	5,6
0,316	5,6
0,313	5,6
0,310	5,6
0,307	5,6
0,305	5,6
0,302	5,6
0,299	5,6
0,297	5,6
0,294	5,6
0,291	5,6
0,289	5,6
0,286	5,6
0,283	5,6
0,281	5,6
0,278	5,5
0,275	5,5
0,273	5,6
0,270	5,6
0,267	5,5
0,265	5,6
0,262	5,6
0,259	5,6
0,257	5,6
0,254	5,6
0,251	5,6
0,249	5,6
0,246	5,6
0,243	5,6
0,241	5,5
0,238	5,5
0,235	5,5
0,233	5,5
0,230	5,5
0,227	5,5
0,225	5,5
0,222	5,5
0,219	5,5
0,217	5,5
0,214	5,5
0,211	5,5
0,209	5,5
0,206	5,6
0,203	5,6
0,201	5,6
0,198	5,6
0,195	5,6
0,193	5,6
0,190	5,6
0,187	5,6
0,184	5,6
0,182	5,6
0,179	5,6
0,176	5,6
0,174	5,6
0,171	5,6
0,168	5,6
0,166	5,6
0,163	5,6
0,160	5,6
0,158	5,6
0,155	5,6
0,152	5,6
0,150	5,6
0,147	5,6
0,144	5,6
0,142	5,6
0,139	5,6
0,136	5,6
0,134	5,6
0,131	5,6
0,128	5,6
0,126	5,6
0,123	5,6
0,120	5,6
0,118	5,6
0,115	5,6
0,112	5,6
0,110	5,6
0,107	5,6
0,104	5,5
0,102	5,5
0,099	5,5
0,096	5,5
0,094	5,5
0,091	5,5
0,088	5,5
0,086	5,5
0,083	5,5
0,080	5,5
0,078	5,5
0,075	5,6
0,072	5,6
0,070	5,7
0,067	5,8
0,064	5,9
0,061	6,1
0,059	6,4
0,056	6,9
0,053	7,4
0,051	7,9
0,048	8,5
0,045	9,1
0,043	9,6
0,040	10,0
0,037	10,5
0,035	10,8
0,032	11,1
0,029	11,5
0,027	11,7
0,024	11,7
0,021	11,6
0,019	11,6
0,016	11,7
0,013	11,9
0,011	12,0
0,008	12,0
0,005	12,0
0,003	12,0
0,000	12,0
-0,003	12,0
-0,005	12,1
-0,008	12,1
-0,011	12,1
-0,013	12,1
-0,016	12,1
-0,019	12,1
-0,021	12,1
-0,024	12,0
-0,027	11,8
-0,029	11,6
-0,032	11,2
-0,035	10,8
-0,037	10,3
-0,040	9,6
-0,043	8,9
-0,045	8,5
-0,048	8,0
-0,051	7,6
-0,053	7,1
-0,056	6,7
-0,059	6,4
-0,061	6,3
-0,064	6,2
-0,067	6,1
-0,070	5,8
-0,072	5,8
-0,075	5,7
-0,078	5,7
-0,080	5,5
-0,083	5,5
-0,086	5,5
-0,088	5,5
-0,091	5,4
-0,094	5,4
-0,096	5,4
-0,099	5,4
-0,102	5,4
-0,104	5,4
-0,107	5,4
-0,110	5,4
-0,112	5,4
-0,115	5,4
-0,118	5,4
-0,120	5,4
-0,123	5,4
-0,126	5,4
-0,128	5,4
-0,131	5,4
-0,134	5,4
-0,136	5,4
-0,139	5,4
-0,142	5,4
-0,144	5,4
-0,147	5,4
-0,150	5,4
-0,152	5,4
-0,155	5,4
-0,158	5,4
-0,160	5,4
-0,163	5,4
-0,166	5,3
-0,168	5,3
-0,171	5,3
-0,174	5,3
-0,176	5,3
-0,179	5,3
-0,182	5,3
-0,184	5,3
-0,187	5,3
-0,190	5,3
-0,193	5,3
-0,195	5,3
-0,198	5,3
-0,201	5,3
-0,203	5,3
-0,206	5,3
-0,209	5,3
-0,211	5,3
-0,214	5,3
-0,217	5,3
-0,219	5,3
-0,222	5,3
-0,225	5,3
-0,227	5,3
-0,230	5,3
-0,233	5,3
-0,235	5,3
-0,238	5,3
-0,241	5,3
-0,243	5,3
-0,246	5,3
-0,249	5,3
-0,251	5,3
-0,254	5,3
-0,257	5,3
-0,259	5,3
-0,262	5,3
-0,265	5,3
-0,267	5,3
-0,270	5,3
-0,273	5,3
-0,275	5,3
-0,278	5,3
-0,281	5,3
-0,283	5,3
-0,286	5,3
-0,289	5,3
-0,291	5,3
-0,294	5,3
-0,297	5,3
-0,299	5,3
-0,302	5,3
-0,305	5,3
-0,307	5,3
-0,310	5,2
-0,313	5,2
-0,316	5,2
-0,318	5,2
-0,321	5,2
-0,324	5,2
-0,326	5,2
-0,329	5,2
-0,332	5,2
-0,334	5,2
-0,337	5,2
-0,340	5,2
-0,342	5,2
-0,345	5,2
-0,348	5,2
-0,350	5,2
-0,353	5,2
-0,356	5,2
-0,358	5,2
-0,361	5,2
-0,364	5,2
-0,366	5,2
-0,369	5,2
-0,372	5,2
-0,374	5,2
-0,377	5,2
-0,380	5,2
-0,382	5,2
-0,385	5,2
-0,388	5,2
-0,390	5,2
-0,393	5,2
-0,396	5,2
-0,398	5,2
-0,401	5,2
-0,404	5,2
-0,406	5,2
-0,409	5,2
-0,412	5,2
-0,414	5,2
-0,417	5,2
-0,420	5,2
-0,422	5,2
-0,425	5,2
-0,428	5,2
-0,430	5,2
-0,433	5,2
-0,436	5,2
-0,438	5,2
-0,441	5,2
-0,444	5,2
-0,447	5,2
-0,449	5,2
-0,452	5,2
-0,455	5,2
-0,457	5,2
-0,460	5,2
-0,463	5,2
-0,465	5,2
-0,468	5,2
-0,471	5,2
-0,473	5,2
-0,476	5,2
-0,479	5,2
-0,481	5,2
-0,484	5,2
-0,487	5,2
-0,489	5,2
-0,492	5,2
-0,495	5,2
-0,497	5,2
-0,500	5,2
-0,503	5,2
-0,505	5,2
-0,508	5,2
-0,511	5,2
-0,513	5,2
-0,516	5,2
-0,519	5,2
-0,521	5,2
-0,524	5,2
-0,527	5,2
-0,529	5,2
-0,532	5,2
-0,535	5,2
-0,537	5,2
-0,540	5,2
-0,543	5,2
-0,545	5,2
-0,548	5,2
-0,551	5,2
-0,553	5,2
-0,556	5,2
-0,559	5,2
-0,561	5,2
-0,564	5,2
-0,567	5,2
-0,570	5,2
-0,572	5,2
-0,575	5,2
-0,578	5,2
-0,580	5,2
-0,583	5,2
-0,586	5,2
-0,588	5,2
-0,591	5,2
-0,594	5,2
-0,596	5,2
-0,599	5,2
-0,602	5,2
-0,604	5,2
-0,607	5,2
-0,610	5,2
-0,612	5,2
-0,615	5,2
-0,618	5,2
-0,620	5,2
-0,623	5,2
-0,626	5,2
-0,628	5,2
-0,631	5,2
-0,634	5,2
-0,636	5,2
-0,639	5,2
-0,642	5,2
-0,644	5,2
-0,647	5,2
-0,650	5,2
-0,652	5,2
-0,655	5,2
-0,658	5,2
-0,660	5,2
-0,663	5,2
-0,666	5,2
-0,668	5,2
-0,671	5,2
-0,674	5,2
-0,676	5,2
-0,679	5,2
-0,682	5,2
-0,684	5,2
-0,687	5,2
-0,690	5,2
-0,692	5,2
-0,695	5,2
-0,698	5,2
-0,701	5,2
-0,703	5,2
-0,706	5,2
-0,709	5,2
-0,711	5,2
-0,714	5,2
-0,717	5,2
-0,719	5,2
-0,722	5,2
-0,725	5,2
-0,727	5,2
-0,730	5,2
-0,733	5,2
-0,735	5,2
-0,738	5,2
-0,741	5,2
-0,743	5,2
-0,746	5,2
-0,749	5,2
-0,751	5,2
-0,754	5,2
-0,757	5,2
-0,759	5,2
-0,762	5,2
-0,765	5,2
-0,767	5,2
-0,770	5,2
-0,773	5,2
-0,775	5,2
-0,778	5,2
-0,781	5,2
-0,783	5,2
-0,786	5,2
-0,789	5,2
-0,791	5,2
-0,794	5,2
-0,797	5,2
-0,799	5,2
-0,802	5,2
-0,805	5,2
-0,807	5,2
-0,810	5,2
-0,813	5,2
-0,815	5,2
-0,818	5,2
-0,821	5,2
-0,823	5,2
-0,826	5,2
-0,829	5,2
-0,831	5,2
-0,834	5,2
-0,837	5,2
-0,840	5,2
-0,842	5,2
-0,845	5,2
-0,848	5,2
-0,850	5,2
-0,853	5,2
-0,856	5,1
-0,858	5,2
-0,861	5,2
-0,864	5,2
-0,866	5,2
-0,869	5,2
-0,872	5,2
-0,874	5,2
-0,877	5,2
-0,880	5,2
-0,882	5,2
-0,885	5,2
-0,888	5,2
-0,890	5,2
-0,893	5,2
-0,896	5,1
-0,898	5,2
-0,901	5,2
-0,904	5,2
-0,906	5,2
-0,909	5,2
-0,912	5,2
-0,914	5,2
-0,917	5,2
-0,920	5,2
-0,922	5,2
-0,925	5,1
-0,928	5,2
-0,930	5,1
-0,933	5,1
-0,936	5,2
-0,938	5,2
-0,941	5,2
-0,944	5,2
-0,946	5,2
-0,949	5,2
-0,952	5,1
-0,954	5,2
-0,957	5,2
-0,960	5,2
-0,962	5,2
-0,965	5,2
-0,968	5,2
-0,970	5,2
-0,973	5,2
-0,976	5,2
-0,979	5,2
-0,981	5,2
-0,984	5,2
-0,987	5,2
-0,989	5,2
-0,992	5,2
-0,995	5,2
-0,997	5,2
-1,000	5,2
-1,003	5,2
-1,005	5,2
-1,008	5,2
-1,011	5,2
-1,013	5,2
-1,016	5,2
-1,019	5,2
-1,021	5,2
-1,024	5,2
-1,027	5,2
-1,029	5,2
-1,032	5,2
-1,035	5,2
-1,037	5,2
-1,040	5,2
-1,043	5,2
-1,045	5,2
-1,048	5,2
-1,051	5,2
-1,053	5,2
-1,056	5,2
-1,059	5,2
-1,061	5,2
-1,064	5,2
-1,067	5,2
-1,069	5,2
-1,072	5,2
-1,075	5,2
-1,077	5,2
-1,080	5,2
-1,083	5,2
-1,085	5,2
-1,088	5,2
-1,091	5,2
-1,093	5,2
-1,096	5,2
-1,099	5,2
-1,101	5,2
-1,104	5,2
-1,107	5,2
-1,109	5,2
-1,112	5,2
-1,115	5,2
-1,118	5,2
-1,120	5,2
-1,123	5,2
-1,126	5,2
-1,128	5,2
-1,131	5,2
-1,134	5,2
-1,136	5,2
-1,139	5,2
-1,142	5,2
-1,144	5,2
-1,147	5,2
-1,150	5,2
-1,152	5,2
-1,155	5,2
-1,158	5,2
-1,160	5,2
-1,163	5,2
-1,166	5,2
-1,168	5,2
-1,171	5,2
-1,174	5,2
-1,176	5,2
-1,179	5,2
-1,182	5,2
-1,184	5,2
-1,187	5,2
-1,190	5,2
-1,192	5,2
-1,195	5,2
-1,198	5,2
-1,200	5,2
-1,203	5,2
-1,206	5,2
-1,208	5,2
-1,211	5,2
-1,214	5,2
-1,216	5,2
-1,219	5,2
-1,222	5,2
-1,224	5,2
-1,227	5,2
-1,230	5,2
-1,232	5,2
-1,235	5,2
-1,238	5,2
-1,240	5,2
-1,243	5,2
-1,246	5,2
-1,248	5,2
-1,251	5,2
-1,254	5,2
-1,256	5,2
-1,259	5,2
-1,262	5,2
-1,265	5,2
-1,267	5,2
-1,270	5,2
-1,273	5,2
-1,275	5,2
-1,278	5,2
-1,281	5,2
-1,283	5,2
-1,286	5,3
-1,289	5,3
-1,291	5,3
-1,294	5,3
-1,297	5,3
-1,299	5,3
-1,302	5,3
-1,305	5,3
-1,307	5,3
-1,310	5,3
-1,313	5,3
-1,315	5,3
-1,318	5,3
-1,321	5,3
-1,323	5,3
-1,326	5,3
-1,329	5,3
-1,331	5,3
-1,334	5,3
-1,337	5,3
-1,339	5,3
-1,342	5,3
-1,345	5,3
-1,347	5,3
-1,350	5,3
-1,353	5,3
-1,355	5,3
-1,358	5,3
-1,361	5,3
-1,363	5,3
-1,366	5,3
-1,369	5,4
-1,371	5,3
-1,374	5,3
-1,377	5,3
-1,379	5,3
-1,382	5,3
-1,385	5,3
-1,387	5,3
-1,390	5,3
-1,393	5,3
-1,395	5,3
-1,398	5,3
-1,401	5,3
-1,403	5,3
-1,406	5,3
-1,409	5,3
-1,411	5,3
-1,414	5,3
-1,417	5,3
-1,419	5,3
-1,422	5,3
-1,425	5,3
-1,428	5,3
-1,430	5,3
-1,433	5,3
-1,436	5,3
-1,438	5,3
-1,441	5,3
-1,444	5,3
-1,446	5,3
-1,449	5,3
-1,452	5,3
-1,454	5,3
-1,457	5,3
-1,460	5,3
-1,462	5,3
-1,465	5,3
-1,468	5,3
-1,470	5,3
-1,473	5,3
-1,476	5,3
-1,478	5,3
-1,481	5,3
-1,484	5,3
-1,486	5,3
-1,489	5,3
-1,492	5,3
-1,494	5,3
-1,497	5,3
-1,500	5,4
-1,502	5,4
-1,505	5,4
-1,508	5,4
-1,510	5,4
-1,513	5,4
-1,516	5,4
-1,518	5,4
-1,521	5,4
-1,524	5,4
-1,526	5,4
-1,529	5,4
-1,532	5,4
-1,534	5,4
-1,537	5,4
-1,540	5,4
-1,542	5,4
-1,545	5,4
-1,548	5,4
-1,550	5,4
-1,553	5,4
-1,556	5,4
-1,558	5,4
-1,561	5,4
-1,564	5,4
-1,566	5,4
-1,569	5,4
-1,572	5,4
-1,574	5,4
-1,577	5,4
-1,580	5,4
-1,582	5,4
-1,585	5,4
-1,588	5,4
-1,591	5,4
-1,593	5,4
-1,596	5,4
-1,599	5,4
-1,601	5,4
-1,604	5,4
-1,607	5,4
-1,609	5,4
-1,612	5,4
-1,615	5,4
-1,617	5,4
-1,620	5,4
-1,623	5,4
-1,625	5,4
-1,628	5,4
-1,631	5,4
-1,633	5,5
-1,636	5,4
-1,639	5,4
-1,641	5,4
-1,644	5,5
-1,647	5,4
-1,649	5,5
-1,652	5,5
-1,655	5,5
-1,657	5,5
-1,660	5,5
-1,663	5,5
-1,665	5,5
-1,668	5,5
-1,671	5,5
-1,673	5,5
-1,676	5,5
-1,679	5,5
-1,681	5,5
-1,684	5,5
-1,687	5,5
-1,689	5,5
-1,692	5,5
-1,695	5,5
-1,697	5,5
-1,700	5,5
-1,703	5,5
-1,705	5,5
-1,708	5,5
-1,711	5,5
-1,713	5,5
-1,716	5,5
-1,719	5,5
-1,721	5,5
-1,724	5,5
-1,727	5,5
-1,729	5,5
-1,732	5,5
-1,735	5,5
-1,737	5,5
-1,740	5,5
-1,743	5,5
-1,745	5,6
-1,748	5,5
-1,751	5,6
-1,753	5,6
-1,756	5,6
-1,759	5,6
-1,761	5,6
-1,764	5,6
-1,767	5,6
-1,769	5,6
-1,772	5,6
-1,775	5,6
-1,778	5,6
-1,780	5,6
-1,783	5,6
-1,786	5,6
-1,788	5,6
-1,791	5,6
-1,794	5,6
-1,796	5,6
-1,799	5,6
-1,802	5,6
-1,804	5,6
-1,807	5,6
-1,810	5,6
-1,812	5,7
-1,815	5,7
-1,818	5,7
-1,820	5,7
-1,823	5,7
-1,826	5,7
-1,828	5,7
-1,831	5,7
-1,834	5,7
-1,836	5,7
-1,839	5,7
-1,842	5,7
-1,844	5,7
-1,847	5,7
-1,850	5,7
-1,852	5,7
-1,855	5,7
-1,858	5,7
-1,860	5,7
-1,863	5,7
-1,866	5,7
-1,868	5,7
-1,871	5,7
-1,874	5,7
-1,876	5,7
-1,879	5,7
-1,882	5,7
-1,884	5,7
-1,887	5,8
-1,890	5,8
-1,892	5,8
-1,895	5,8
-1,898	5,8
-1,900	5,8
-1,903	5,8
-1,906	5,8
-1,908	5,8
-1,911	5,8
-1,914	5,8
-1,916	5,8
-1,919	5,8
-1,922	5,8
-1,924	5,8
-1,927	5,8
-1,930	5,8
-1,932	5,8
-1,935	5,8
-1,938	5,8
-1,940	5,8
-1,943	5,8
-1,946	5,8
-1,948	5,8
-1,951	5,8
-1,954	5,8
-1,956	5,8
-1,959	5,8
-1,962	5,8
-1,964	5,8
-1,967	5,8
-1,970	5,8
-1,972	5,8
-1,975	5,8
-1,978	5,8
-1,980	5,8
-1,983	5,8
-1,986	5,8
-1,989	5,8
-1,991	5,8
-1,994	5,8
-1,997	5,8
-1,999	5,8
-2,002	5,8
-2,005	5,8
-2,007	5,8
-2,010	5,9
-2,013	5,9
-2,015	5,9
-2,018	5,9
-2,021	5,9
-2,023	5,9
-2,026	5,9
-2,029	5,9
-2,031	5,9
-2,034	5,9
-2,037	5,9
-2,039	5,9
-2,042	5,9
-2,045	5,9
-2,047	5,9
-2,050	5,9
-2,053	5,9
-2,055	5,9
-2,058	5,9
-2,061	5,9
-2,063	5,9
-2,066	5,9
-2,069	5,9
-2,071	5,9
-2,074	5,9
-2,077	5,9
-2,079	5,9
-2,082	5,9
-2,085	5,9
-2,087	5,9
-2,090	5,9
-2,093	5,9
-2,095	5,9
-2,098	5,9
-2,101	5,9
-2,103	5,9
-2,106	5,9
-2,109	5,9
-2,111	5,9
-2,114	6,0
-2,117	6,0
-2,119	6,0
-2,122	6,0
-2,125	6,0
-2,127	6,0
-2,130	6,0
-2,133	6,0
-2,135	6,0
-2,138	6,0
-2,141	6,0
-2,143	6,0
-2,146	6,0
-2,149	6,0
-2,151	6,0
-2,154	6,0
-2,157	6,0
-2,159	6,0
-2,162	6,0
-2,165	6,0
-2,167	6,0
-2,170	6,0
-2,173	6,0
-2,175	6,0
-2,178	6,0
-2,181	6,0
-2,183	6,0
-2,186	6,0
-2,189	6,1
-2,191	6,1
-2,194	6,1
-2,197	6,1
-2,199	6,1
-2,202	6,1
-2,205	6,1
-2,207	6,1
-2,210	6,1
-2,213	6,1
-2,215	6,1
-2,218	6,1
-2,221	6,1
-2,223	6,1
-2,226	6,1
-2,229	6,1
-2,231	6,1
-2,234	6,1
-2,237	6,1
-2,240	6,1
-2,242	6,2
-2,245	6,2
-2,248	6,2
-2,250	6,2
-2,253	6,2
-2,256	6,2
-2,258	6,2
-2,261	6,2
-2,264	6,2
-2,266	6,2
-2,269	6,2
-2,272	6,2
-2,274	6,2
-2,277	6,2
-2,280	6,2
-2,282	6,2
-2,285	6,2
-2,288	6,3
-2,290	6,3
-2,293	6,3
-2,296	6,3
-2,298	6,3
-2,301	6,3
-2,304	6,4
-2,306	6,4
-2,309	6,4
-2,312	6,4
-2,314	6,4
-2,317	6,4
-2,320	6,4
-2,322	6,5
-2,325	6,5
-2,328	6,5
-2,330	6,5
-2,333	6,6
-2,336	6,6
-2,338	6,6
-2,341	6,7
-2,344	6,7
-2,346	6,7
-2,349	6,8
-2,352	6,8
-2,354	6,8
-2,357	6,8
-2,360	6,9
-2,362	6,9
-2,365	6,9
-2,368	6,9
-2,370	7,0
-2,373	7,0
-2,376	7,0
-2,378	7,0
-2,381	7,1
-2,384	7,1
-2,386	7,1
-2,389	7,2
-2,392	7,2
-2,394	7,2
-2,397	7,2
-2,400	7,3
-2,402	7,3
-2,405	7,3
-2,408	7,4
-2,410	7,4
-2,413	7,4
-2,416	7,4
-2,418	7,5
-2,421	7,5
-2,424	7,5
-2,426	7,5
-2,429	7,5
-2,432	7,6
-2,434	7,6
-2,437	7,6
-2,440	7,7
-2,442	7,7
-2,445	7,7
-2,448	7,7
-2,450	7,8
-2,453	7,8
-2,456	7,8
-2,458	7,8
-2,461	7,8
-2,464	7,9
-2,466	7,9
-2,469	7,9
-2,472	7,9
-2,474	8,0
-2,477	8,0
-2,480	8,0
-2,482	8,1
-2,485	8,1
-2,488	8,1
-2,490	8,1
-2,493	8,2
-2,496	8,2
-2,498	8,2
-2,501	8,2
-2,504	8,2
-2,506	8,2
-2,509	8,3
-2,512	8,3
-2,514	8,3
-2,517	8,3
-2,520	8,4
-2,522	8,4
-2,525	8,5
-2,528	8,5
-2,530	8,5
-2,533	8,5
-2,536	8,6
-2,538	8,6
-2,541	8,6
-2,544	8,7
-2,546	8,7
-2,549	8,7
-2,552	8,7
-2,554	8,8
-2,557	8,8
-2,560	8,9
-2,562	8,9
-2,565	8,9
-2,568	8,9
-2,570	9,0
-2,573	9,0
-2,576	9,0
-2,578	9,1
-2,581	9,1
-2,584	9,1
-2,586	9,2
-2,589	9,2
-2,592	9,2
-2,594	9,3
-2,597	9,3
-2,600	9,3
-2,602	9,3
-2,605	9,3
-2,608	9,4
-2,610	9,4
-2,613	9,4
-2,616	9,4
-2,619	9,5
-2,621	9,5
-2,624	9,6
-2,627	9,6
-2,629	9,7
-2,632	9,7
-2,635	9,8
-2,637	9,8
-2,640	9,8
-2,643	9,8
-2,645	9,8
-2,648	9,8
-2,651	9,9
-2,653	9,9
-2,656	9,9
-2,659	9,9
-2,661	9,9
-2,664	9,9
-2,667	9,9
-2,669	10,0
-2,672	10,0
-2,675	10,1
-2,677	10,1
-2,680	10,2
-2,683	10,2
-2,685	10,2
-2,688	10,2
-2,691	10,2
-2,693	10,2
-2,696	10,2
-2,699	10,2
-2,701	10,2
-2,704	10,2
-2,707	10,3
-2,709	10,3
-2,712	10,3
-2,715	10,4
-2,717	10,4
-2,720	10,5
-2,723	10,5
-2,725	10,6
-2,728	10,7
-2,731	10,8
-2,733	10,9
