&a / °	I1 / %
2,736	7,7
2,733	7,7
2,731	7,7
2,728	7,6
2,725	7,6
2,723	7,6
2,720	7,6
2,717	7,6
2,715	7,6
2,712	7,6
2,709	7,6
2,707	7,6
2,704	7,6
2,701	7,6
2,699	7,6
2,696	7,6
2,693	7,6
2,691	7,6
2,688	7,6
2,685	7,6
2,683	7,6
2,680	7,5
2,677	7,5
2,675	7,5
2,672	7,5
2,669	7,5
2,667	7,5
2,664	7,5
2,661	7,5
2,659	7,5
2,656	7,5
2,653	7,5
2,651	7,4
2,648	7,4
2,645	7,4
2,643	7,4
2,640	7,4
2,637	7,4
2,635	7,4
2,632	7,4
2,629	7,4
2,627	7,4
2,624	7,4
2,621	7,4
2,619	7,4
2,616	7,4
2,613	7,4
2,610	7,4
2,608	7,4
2,605	7,4
2,602	7,4
2,600	7,4
2,597	7,4
2,594	7,4
2,592	7,4
2,589	7,4
2,586	7,4
2,584	7,3
2,581	7,3
2,578	7,3
2,576	7,3
2,573	7,3
2,570	7,3
2,568	7,3
2,565	7,3
2,562	7,3
2,560	7,3
2,557	7,3
2,554	7,3
2,552	7,2
2,549	7,2
2,546	7,2
2,544	7,2
2,541	7,2
2,538	7,2
2,536	7,2
2,533	7,2
2,530	7,2
2,528	7,2
2,525	7,2
2,522	7,2
2,520	7,2
2,517	7,2
2,514	7,2
2,512	7,2
2,509	7,1
2,506	7,1
2,504	7,1
2,501	7,1
2,498	7,1
2,496	7,1
2,493	7,1
2,490	7,1
2,488	7,1
2,485	7,1
2,482	7,1
2,480	7,1
2,477	7,1
2,474	7,1
2,472	7,1
2,469	7,1
2,466	7,1
2,464	7,1
2,461	7,1
2,458	7,1
2,456	7,1
2,453	7,1
2,450	7,1
2,448	7,1
2,445	7,1
2,442	7,1
2,440	7,1
2,437	7,1
2,434	7,1
2,432	7,1
2,429	7,0
2,426	7,0
2,424	7,0
2,421	7,0
2,418	7,0
2,416	7,0
2,413	7,0
2,410	7,0
2,408	7,0
2,405	7,0
2,402	6,9
2,400	6,9
2,397	6,9
2,394	6,9
2,392	6,9
2,389	7,0
2,386	6,9
2,384	6,9
2,381	6,9
2,378	6,9
2,376	6,9
2,373	7,0
2,370	6,9
2,368	6,9
2,365	6,9
2,362	6,9
2,360	6,9
2,357	6,8
2,354	6,8
2,352	6,9
2,349	6,8
2,346	6,8
2,344	6,8
2,341	6,9
2,338	6,9
2,336	6,9
2,333	6,8
2,330	6,8
2,328	6,8
2,325	6,8
2,322	6,8
2,320	6,8
2,317	6,8
2,314	6,8
2,312	6,8
2,309	6,8
2,306	6,8
2,304	6,8
2,301	6,7
2,298	6,8
2,296	6,8
2,293	6,8
2,290	6,8
2,288	6,8
2,285	6,8
2,282	6,8
2,280	6,8
2,277	6,8
2,274	6,8
2,272	6,8
2,269	6,8
2,266	6,8
2,264	6,8
2,261	6,8
2,258	6,8
2,256	6,7
2,253	6,7
2,250	6,8
2,248	6,7
2,245	6,7
2,242	6,6
2,240	6,6
2,237	6,7
2,234	6,7
2,231	6,6
2,229	6,6
2,226	6,7
2,223	6,6
2,221	6,6
2,218	6,6
2,215	6,6
2,213	6,6
2,210	6,6
2,207	6,6
2,205	6,6
2,202	6,6
2,199	6,6
2,197	6,6
2,194	6,6
2,191	6,5
2,189	6,6
2,186	6,5
2,183	6,5
2,181	6,6
2,178	6,6
2,175	6,5
2,173	6,6
2,170	6,6
2,167	6,5
2,165	6,6
2,162	6,5
2,159	6,5
2,157	6,5
2,154	6,5
2,151	6,5
2,149	6,5
2,146	6,5
2,143	6,6
2,141	6,6
2,138	6,5
2,135	6,5
2,133	6,6
2,130	6,6
2,127	6,6
2,125	6,5
2,122	6,5
2,119	6,5
2,117	6,5
2,114	6,5
2,111	6,5
2,109	6,5
2,106	6,5
2,103	6,5
2,101	6,5
2,098	6,5
2,095	6,5
2,093	6,5
2,090	6,5
2,087	6,5
2,085	6,5
2,082	6,5
2,079	6,4
2,077	6,5
2,074	6,4
2,071	6,5
2,069	6,5
2,066	6,5
2,063	6,5
2,061	6,4
2,058	6,5
2,055	6,5
2,053	6,5
2,050	6,5
2,047	6,5
2,045	6,5
2,042	6,4
2,039	6,5
2,037	6,5
2,034	6,4
2,031	6,5
2,029	6,5
2,026	6,4
2,023	6,4
2,021	6,5
2,018	6,4
2,015	6,4
2,013	6,4
2,010	6,4
2,007	6,4
2,005	6,4
2,002	6,4
1,999	6,5
1,997	6,5
1,994	6,5
1,991	6,4
1,989	6,4
1,986	6,4
1,983	6,4
1,980	6,4
1,978	6,4
1,975	6,4
1,972	6,4
1,970	6,4
1,967	6,4
1,964	6,4
1,962	6,4
1,959	6,4
1,956	6,5
1,954	6,4
1,951	6,4
1,948	6,4
1,946	6,4
1,943	6,4
1,940	6,4
1,938	6,4
1,935	6,4
1,932	6,4
1,930	6,4
1,927	6,4
1,924	6,4
1,922	6,4
1,919	6,4
1,916	6,4
1,914	6,4
1,911	6,4
1,908	6,4
1,906	6,4
1,903	6,4
1,900	6,4
1,898	6,4
1,895	6,4
1,892	6,4
1,890	6,4
1,887	6,4
1,884	6,4
1,882	6,4
1,879	6,4
1,876	6,4
1,874	6,4
1,871	6,4
1,868	6,4
1,866	6,4
1,863	6,4
1,860	6,4
1,858	6,4
1,855	6,4
1,852	6,4
1,850	6,4
1,847	6,4
1,844	6,4
1,842	6,4
1,839	6,4
1,836	6,4
1,834	6,4
1,831	6,4
1,828	6,4
1,826	6,4
1,823	6,4
1,820	6,4
1,818	6,4
1,815	6,4
1,812	6,4
1,810	6,4
1,807	6,4
1,804	6,4
1,802	6,4
1,799	6,4
1,796	6,4
1,794	6,4
1,791	6,4
1,788	6,4
1,786	6,4
1,783	6,3
1,780	6,3
1,778	6,3
1,775	6,3
1,772	6,3
1,769	6,3
1,767	6,3
1,764	6,3
1,761	6,3
1,759	6,3
1,756	6,3
1,753	6,3
1,751	6,3
1,748	6,3
1,745	6,3
1,743	6,3
1,740	6,3
1,737	6,3
1,735	6,3
1,732	6,3
1,729	6,3
1,727	6,3
1,724	6,3
1,721	6,3
1,719	6,3
1,716	6,3
1,713	6,3
1,711	6,3
1,708	6,3
1,705	6,3
1,703	6,3
1,700	6,3
1,697	6,3
1,695	6,3
1,692	6,3
1,689	6,3
1,687	6,3
1,684	6,3
1,681	6,3
1,679	6,3
1,676	6,3
1,673	6,3
1,671	6,3
1,668	6,3
1,665	6,3
1,663	6,3
1,660	6,3
1,657	6,3
1,655	6,3
1,652	6,3
1,649	6,3
1,647	6,3
1,644	6,3
1,641	6,3
1,639	6,3
1,636	6,3
1,633	6,3
1,631	6,3
1,628	6,3
1,625	6,3
1,623	6,3
1,620	6,3
1,617	6,3
1,615	6,3
1,612	6,3
1,609	6,2
1,607	6,2
1,604	6,2
1,601	6,2
1,599	6,2
1,596	6,2
1,593	6,2
1,591	6,2
1,588	6,2
1,585	6,2
1,582	6,2
1,580	6,2
1,577	6,2
1,574	6,2
1,572	6,2
1,569	6,2
1,566	6,2
1,564	6,2
1,561	6,1
1,558	6,1
1,556	6,1
1,553	6,1
1,550	6,1
1,548	6,1
1,545	6,1
1,542	6,1
1,540	6,1
1,537	6,1
1,534	6,1
1,532	6,1
1,529	6,1
1,526	6,1
1,524	6,1
1,521	6,1
1,518	6,1
1,516	6,1
1,513	6,1
1,510	6,1
1,508	6,1
1,505	6,1
1,502	6,1
1,500	6,1
1,497	6,1
1,494	6,1
1,492	6,1
1,489	6,1
1,486	6,1
1,484	6,1
1,481	6,1
1,478	6,1
1,476	6,1
1,473	6,1
1,470	6,1
1,468	6,1
1,465	6,0
1,462	6,0
1,460	6,0
1,457	6,0
1,454	6,0
1,452	6,0
1,449	6,0
1,446	6,0
1,444	6,0
1,441	6,0
1,438	6,0
1,436	6,0
1,433	6,0
1,430	6,0
1,428	6,0
1,425	6,0
1,422	6,0
1,419	6,0
1,417	6,0
1,414	6,0
1,411	6,0
1,409	6,0
1,406	6,0
1,403	6,0
1,401	6,0
1,398	6,0
1,395	6,0
1,393	6,0
1,390	6,0
1,387	6,0
1,385	6,0
1,382	6,0
1,379	6,0
1,377	6,0
1,374	6,0
1,371	6,0
1,369	6,0
1,366	5,9
1,363	5,9
1,361	5,9
1,358	5,9
1,355	5,9
1,353	5,9
1,350	5,9
1,347	5,9
1,345	5,9
1,342	5,8
1,339	5,9
1,337	5,8
1,334	5,8
1,331	5,8
1,329	5,8
1,326	5,8
1,323	5,8
1,321	5,8
1,318	5,8
1,315	5,8
1,313	5,8
1,310	5,8
1,307	5,8
1,305	5,8
1,302	5,8
1,299	5,8
1,297	5,8
1,294	5,8
1,291	5,8
1,289	5,8
1,286	5,8
1,283	5,8
1,281	5,8
1,278	5,8
1,275	5,8
1,273	5,8
1,270	5,7
1,267	5,7
1,265	5,7
1,262	5,8
1,259	5,8
1,256	5,7
1,254	5,8
1,251	5,7
1,248	5,8
1,246	5,7
1,243	5,7
1,240	5,7
1,238	5,7
1,235	5,7
1,232	5,7
1,230	5,7
1,227	5,7
1,224	5,7
1,222	5,7
1,219	5,7
1,216	5,7
1,214	5,7
1,211	5,7
1,208	5,7
1,206	5,7
1,203	5,7
1,200	5,7
1,198	5,7
1,195	5,7
1,192	5,7
1,190	5,7
1,187	5,7
1,184	5,7
1,182	5,7
1,179	5,7
1,176	5,7
1,174	5,7
1,171	5,6
1,168	5,6
1,166	5,6
1,163	5,6
1,160	5,6
1,158	5,6
1,155	5,6
1,152	5,6
1,150	5,6
1,147	5,6
1,144	5,6
1,142	5,6
1,139	5,6
1,136	5,6
1,134	5,6
1,131	5,6
1,128	5,6
1,126	5,6
1,123	5,6
1,120	5,6
1,118	5,6
1,115	5,6
1,112	5,6
1,109	5,6
1,107	5,6
1,104	5,6
1,101	5,6
1,099	5,6
1,096	5,6
1,093	5,6
1,091	5,6
1,088	5,6
1,085	5,6
1,083	5,6
1,080	5,6
1,077	5,6
1,075	5,6
1,072	5,6
1,069	5,6
1,067	5,6
1,064	5,6
1,061	5,6
1,059	5,6
1,056	5,6
1,053	5,6
1,051	5,6
1,048	5,6
1,045	5,6
1,043	5,6
1,040	5,6
1,037	5,6
1,035	5,6
1,032	5,6
1,029	5,6
1,027	5,6
1,024	5,6
1,021	5,6
1,019	5,6
1,016	5,6
1,013	5,6
1,011	5,6
1,008	5,6
1,005	5,6
1,003	5,5
1,000	5,5
0,997	5,5
0,995	5,5
0,992	5,5
0,989	5,5
0,987	5,5
0,984	5,5
0,981	5,5
0,979	5,5
0,976	5,5
0,973	5,5
0,970	5,5
0,968	5,5
0,965	5,5
0,962	5,5
0,960	5,5
0,957	5,5
0,954	5,5
0,952	5,5
0,949	5,5
0,946	5,5
0,944	5,5
0,941	5,5
0,938	5,5
0,936	5,5
0,933	5,5
0,930	5,5
0,928	5,5
0,925	5,5
0,922	5,5
0,920	5,5
0,917	5,5
0,914	5,5
0,912	5,5
0,909	5,5
0,906	5,5
0,904	5,5
0,901	5,4
0,898	5,4
0,896	5,4
0,893	5,4
0,890	5,4
0,888	5,4
0,885	5,4
0,882	5,4
0,880	5,4
0,877	5,4
0,874	5,4
0,872	5,5
0,869	5,4
0,866	5,4
0,864	5,4
0,861	5,4
0,858	5,4
0,856	5,4
0,853	5,4
0,850	5,4
0,848	5,4
0,845	5,4
0,842	5,4
0,840	5,4
0,837	5,4
0,834	5,4
0,831	5,4
0,829	5,4
0,826	5,4
0,823	5,4
0,821	5,4
0,818	5,4
0,815	5,4
0,813	5,4
0,810	5,4
0,807	5,3
0,805	5,3
0,802	5,3
0,799	5,4
0,797	5,4
0,794	5,4
0,791	5,4
0,789	5,4
0,786	5,4
0,783	5,4
0,781	5,3
0,778	5,3
0,775	5,3
0,773	5,3
0,770	5,3
0,767	5,4
0,765	5,4
0,762	5,4
0,759	5,4
0,757	5,4
0,754	5,3
0,751	5,4
0,749	5,3
0,746	5,4
0,743	5,3
0,741	5,3
0,738	5,3
0,735	5,3
0,733	5,3
0,730	5,3
0,727	5,3
0,725	5,3
0,722	5,3
0,719	5,3
0,717	5,3
0,714	5,3
0,711	5,3
0,709	5,3
0,706	5,3
0,703	5,3
0,701	5,3
0,698	5,3
0,695	5,3
0,692	5,3
0,690	5,3
0,687	5,3
0,684	5,3
0,682	5,3
0,679	5,3
0,676	5,3
0,674	5,3
0,671	5,3
0,668	5,3
0,666	5,3
0,663	5,3
0,660	5,3
0,658	5,3
0,655	5,3
0,652	5,3
0,650	5,3
0,647	5,3
0,644	5,3
0,642	5,3
0,639	5,3
0,636	5,3
0,634	5,3
0,631	5,2
0,628	5,3
0,626	5,3
0,623	5,3
0,620	5,2
0,618	5,2
0,615	5,2
0,612	5,2
0,610	5,2
0,607	5,2
0,604	5,2
0,602	5,2
0,599	5,2
0,596	5,2
0,594	5,2
0,591	5,2
0,588	5,2
0,586	5,2
0,583	5,2
0,580	5,2
0,578	5,2
0,575	5,2
0,572	5,2
0,570	5,2
0,567	5,2
0,564	5,2
0,561	5,2
0,559	5,2
0,556	5,2
0,553	5,3
0,551	5,3
0,548	5,3
0,545	5,2
0,543	5,2
0,540	5,2
0,537	5,2
0,535	5,2
0,532	5,2
0,529	5,2
0,527	5,2
0,524	5,3
0,521	5,3
0,519	5,2
0,516	5,2
0,513	5,2
0,511	5,2
0,508	5,2
0,505	5,2
0,503	5,2
0,500	5,2
0,497	5,2
0,495	5,2
0,492	5,2
0,489	5,2
0,487	5,3
0,484	5,3
0,481	5,3
0,479	5,3
0,476	5,3
0,473	5,3
0,471	5,3
0,468	5,3
0,465	5,3
0,463	5,3
0,460	5,3
0,457	5,3
0,455	5,3
0,452	5,3
0,449	5,3
0,447	5,3
0,444	5,3
0,441	5,3
0,438	5,3
0,436	5,3
0,433	5,3
0,430	5,3
0,428	5,3
0,425	5,4
0,422	5,4
0,420	5,4
0,417	5,4
0,414	5,4
0,412	5,3
0,409	5,4
0,406	5,4
0,404	5,4
0,401	5,4
0,398	5,4
0,396	5,4
0,393	5,4
0,390	5,4
0,388	5,4
0,385	5,4
0,382	5,4
0,380	5,4
0,377	5,4
0,374	5,4
0,372	5,4
0,369	5,4
0,366	5,4
0,364	5,4
0,361	5,4
0,358	5,4
0,356	5,4
0,353	5,5
0,350	5,5
0,348	5,5
0,345	5,4
0,342	5,4
0,340	5,4
0,337	5,4
0,334	5,4
0,332	5,4
0,329	5,5
0,326	5,4
0,324	5,4
0,321	5,5
0,318	5,5
0,316	5,5
0,313	5,5
0,310	5,5
0,307	5,5
0,305	5,5
0,302	5,5
0,299	5,5
0,297	5,5
0,294	5,5
0,291	5,5
0,289	5,5
0,286	5,5
0,283	5,5
0,281	5,5
0,278	5,5
0,275	5,5
0,273	5,5
0,270	5,6
0,267	5,5
0,265	5,5
0,262	5,6
0,259	5,6
0,257	5,6
0,254	5,6
0,251	5,6
0,249	5,6
0,246	5,6
0,243	5,6
0,241	5,5
0,238	5,5
0,235	5,6
0,233	5,6
0,230	5,6
0,227	5,6
0,225	5,6
0,222	5,6
0,219	5,6
0,217	5,5
0,214	5,6
0,211	5,6
0,209	5,6
0,206	5,5
0,203	5,6
0,201	5,6
0,198	5,6
0,195	5,6
0,193	5,6
0,190	5,6
0,187	5,6
0,184	5,6
0,182	5,6
0,179	5,6
0,176	5,6
0,174	5,6
0,171	5,6
0,168	5,6
0,166	5,6
0,163	5,6
0,160	5,6
0,158	5,6
0,155	5,6
0,152	5,6
0,150	5,6
0,147	5,6
0,144	5,6
0,142	5,6
0,139	5,6
0,136	5,6
0,134	5,6
0,131	5,6
0,128	5,6
0,126	5,6
0,123	5,6
0,120	5,6
0,118	5,6
0,115	5,6
0,112	5,6
0,110	5,6
0,107	5,6
0,104	5,6
0,102	5,6
0,099	5,6
0,096	5,6
0,094	5,6
0,091	5,6
0,088	5,6
0,086	5,6
0,083	5,6
0,080	5,6
0,078	5,6
0,075	5,6
0,072	5,6
0,070	5,6
0,067	5,6
0,064	5,6
0,061	5,6
0,059	5,6
0,056	5,6
0,053	5,6
0,051	5,6
0,048	5,6
0,045	5,6
0,043	5,6
0,040	5,6
0,037	5,6
0,035	5,6
0,032	5,6
0,029	5,6
0,027	5,6
0,024	5,6
0,021	5,6
0,019	5,6
0,016	5,6
0,013	5,6
0,011	5,6
0,008	5,6
0,005	5,6
0,003	5,6
0,000	5,6
-0,003	5,6
-0,005	5,6
-0,008	5,6
-0,011	5,6
-0,013	5,6
-0,016	5,6
-0,019	5,5
-0,021	5,5
-0,024	5,5
-0,027	5,5
-0,029	5,6
-0,032	5,5
-0,035	5,5
-0,037	5,6
-0,040	5,5
-0,043	5,5
-0,045	5,5
-0,048	5,5
-0,051	5,5
-0,053	5,5
-0,056	5,5
-0,059	5,5
-0,061	5,5
-0,064	5,5
-0,067	5,5
-0,070	5,5
-0,072	5,5
-0,075	5,5
-0,078	5,5
-0,080	5,5
-0,083	5,5
-0,086	5,5
-0,088	5,5
-0,091	5,4
-0,094	5,4
-0,096	5,4
-0,099	5,4
-0,102	5,4
-0,104	5,4
-0,107	5,4
-0,110	5,4
-0,112	5,4
-0,115	5,4
-0,118	5,4
-0,120	5,4
-0,123	5,4
-0,126	5,4
-0,128	5,4
-0,131	5,4
-0,134	5,4
-0,136	5,4
-0,139	5,4
-0,142	5,4
-0,144	5,4
-0,147	5,4
-0,150	5,4
-0,152	5,4
-0,155	5,4
-0,158	5,3
-0,160	5,3
-0,163	5,3
-0,166	5,3
-0,168	5,3
-0,171	5,3
-0,174	5,3
-0,176	5,3
-0,179	5,2
-0,182	5,2
-0,184	5,2
-0,187	5,2
-0,190	5,2
-0,193	5,2
-0,195	5,2
-0,198	5,2
-0,201	5,2
-0,203	5,2
-0,206	5,2
-0,209	5,2
-0,211	5,2
-0,214	5,2
-0,217	5,2
-0,219	5,2
-0,222	5,2
-0,225	5,2
-0,227	5,2
-0,230	5,1
-0,233	5,1
-0,235	5,1
-0,238	5,1
-0,241	5,1
-0,243	5,1
-0,246	5,1
-0,249	5,1
-0,251	5,1
-0,254	5,1
-0,257	5,1
-0,259	5,1
-0,262	5,1
-0,265	5,1
-0,267	5,1
-0,270	5,1
-0,273	5,1
-0,275	5,1
-0,278	5,1
-0,281	5,1
-0,283	5,1
-0,286	5,1
-0,289	5,1
-0,291	5,1
-0,294	5,0
-0,297	5,0
-0,299	5,0
-0,302	5,0
-0,305	5,0
-0,307	5,0
-0,310	5,0
-0,313	5,0
-0,316	4,9
-0,318	4,9
-0,321	4,9
-0,324	4,9
-0,326	4,9
-0,329	4,9
-0,332	4,9
-0,334	4,9
-0,337	4,9
-0,340	4,9
-0,342	4,9
-0,345	4,9
-0,348	4,9
-0,350	4,9
-0,353	4,8
-0,356	4,8
-0,358	4,8
-0,361	4,8
-0,364	4,8
-0,366	4,8
-0,369	4,8
-0,372	4,8
-0,374	4,8
-0,377	4,8
-0,380	4,8
-0,382	4,8
-0,385	4,8
-0,388	4,8
-0,390	4,8
-0,393	4,8
-0,396	4,8
-0,398	4,8
-0,401	4,8
-0,404	4,8
-0,406	4,8
-0,409	4,8
-0,412	4,8
-0,414	4,8
-0,417	4,8
-0,420	4,8
-0,422	4,8
-0,425	4,8
-0,428	4,8
-0,430	4,8
-0,433	4,8
-0,436	4,8
-0,438	4,8
-0,441	4,8
-0,444	4,8
-0,447	4,8
-0,449	4,8
-0,452	4,8
-0,455	4,8
-0,457	4,8
-0,460	4,8
-0,463	4,8
-0,465	4,8
-0,468	4,8
-0,471	4,8
-0,473	4,8
-0,476	4,8
-0,479	4,8
-0,481	4,8
-0,484	4,8
-0,487	4,8
-0,489	4,8
-0,492	4,8
-0,495	4,8
-0,497	4,8
-0,500	4,8
-0,503	4,8
-0,505	4,8
-0,508	4,8
-0,511	4,8
-0,513	4,8
-0,516	4,8
-0,519	4,8
-0,521	4,8
-0,524	4,8
-0,527	4,8
-0,529	4,8
-0,532	4,8
-0,535	4,8
-0,537	4,8
-0,540	4,8
-0,543	4,8
-0,545	4,8
-0,548	4,8
-0,551	4,8
-0,553	4,8
-0,556	4,8
-0,559	4,8
-0,561	4,8
-0,564	4,8
-0,567	4,8
-0,570	4,8
-0,572	4,8
-0,575	4,8
-0,578	4,8
-0,580	4,8
-0,583	4,8
-0,586	4,8
-0,588	4,8
-0,591	4,8
-0,594	4,8
-0,596	4,8
-0,599	4,8
-0,602	4,8
-0,604	4,8
-0,607	4,8
-0,610	4,8
-0,612	4,8
-0,615	4,8
-0,618	4,8
-0,620	4,8
-0,623	4,8
-0,626	4,8
-0,628	4,8
-0,631	4,8
-0,634	4,8
-0,636	4,8
-0,639	4,8
-0,642	4,8
-0,644	4,8
-0,647	4,8
-0,650	4,8
-0,652	4,8
-0,655	4,8
-0,658	4,8
-0,660	4,8
-0,663	4,8
-0,666	4,8
-0,668	4,8
-0,671	4,8
-0,674	4,8
-0,676	4,8
-0,679	4,8
-0,682	4,8
-0,684	4,8
-0,687	4,8
-0,690	4,8
-0,692	4,8
-0,695	4,8
-0,698	4,8
-0,701	4,8
-0,703	4,8
-0,706	4,8
-0,709	4,8
-0,711	4,8
-0,714	4,8
-0,717	4,8
-0,719	4,8
-0,722	4,8
-0,725	4,8
-0,727	4,8
-0,730	4,8
-0,733	4,8
-0,735	4,8
-0,738	4,8
-0,741	4,8
-0,743	4,8
-0,746	4,8
-0,749	4,8
-0,751	4,8
-0,754	4,8
-0,757	4,8
-0,759	4,8
-0,762	4,8
-0,765	4,8
-0,767	4,8
-0,770	4,8
-0,773	4,8
-0,775	4,8
-0,778	4,8
-0,781	4,8
-0,783	4,8
-0,786	4,8
-0,789	4,8
-0,791	4,8
-0,794	4,8
-0,797	4,8
-0,799	4,8
-0,802	4,8
-0,805	4,8
-0,807	4,8
-0,810	4,8
-0,813	4,8
-0,815	4,8
-0,818	4,8
-0,821	4,8
-0,823	4,8
-0,826	4,8
-0,829	4,8
-0,831	4,8
-0,834	4,8
-0,837	4,8
-0,840	4,8
-0,842	4,8
-0,845	4,7
-0,848	4,8
-0,850	4,8
-0,853	4,8
-0,856	4,8
-0,858	4,8
-0,861	4,8
-0,864	4,8
-0,866	4,8
-0,869	4,8
-0,872	4,8
-0,874	4,8
-0,877	4,8
-0,880	4,8
-0,882	4,8
-0,885	4,8
-0,888	4,8
-0,890	4,8
-0,893	4,8
-0,896	4,8
-0,898	4,8
-0,901	4,8
-0,904	4,8
-0,906	4,8
-0,909	4,8
-0,912	4,8
-0,914	4,8
-0,917	4,8
-0,920	4,8
-0,922	4,8
-0,925	4,8
-0,928	4,8
-0,930	4,8
-0,933	4,8
-0,936	4,8
-0,938	4,8
-0,941	4,8
-0,944	4,8
-0,946	4,8
-0,949	4,8
-0,952	4,8
-0,954	4,8
-0,957	4,8
-0,960	4,8
-0,962	4,8
-0,965	4,8
-0,968	4,8
-0,970	4,8
-0,973	4,8
-0,976	4,8
-0,979	4,8
-0,981	4,8
-0,984	4,8
-0,987	4,8
-0,989	4,8
-0,992	4,8
-0,995	4,8
-0,997	4,8
-1,000	4,8
-1,003	4,8
-1,005	4,8
-1,008	4,8
-1,011	4,8
-1,013	4,8
-1,016	4,8
-1,019	4,8
-1,021	4,8
-1,024	4,8
-1,027	4,8
-1,029	4,8
-1,032	4,8
-1,035	4,8
-1,037	4,8
-1,040	4,8
-1,043	4,8
-1,045	4,8
-1,048	4,8
-1,051	4,8
-1,053	4,8
-1,056	4,8
-1,059	4,8
-1,061	4,8
-1,064	4,8
-1,067	4,8
-1,069	4,8
-1,072	4,8
-1,075	4,8
-1,077	4,8
-1,080	4,8
-1,083	4,8
-1,085	4,8
-1,088	4,8
-1,091	4,8
-1,093	4,8
-1,096	4,8
-1,099	4,8
-1,101	4,8
-1,104	4,8
-1,107	4,8
-1,109	4,8
-1,112	4,8
-1,115	4,8
-1,118	4,8
-1,120	4,8
-1,123	4,8
-1,126	4,8
-1,128	4,8
-1,131	4,8
-1,134	4,8
-1,136	4,8
-1,139	4,8
-1,142	4,8
-1,144	4,8
-1,147	4,8
-1,150	4,8
-1,152	4,8
-1,155	4,8
-1,158	4,8
-1,160	4,8
-1,163	4,8
-1,166	4,8
-1,168	4,8
-1,171	4,8
-1,174	4,8
-1,176	4,8
-1,179	4,8
-1,182	4,8
-1,184	4,8
-1,187	4,8
-1,190	4,8
-1,192	4,8
-1,195	4,8
-1,198	4,8
-1,200	4,8
-1,203	4,8
-1,206	4,8
-1,208	4,8
-1,211	4,8
-1,214	4,8
-1,216	4,8
-1,219	4,8
-1,222	4,8
-1,224	4,8
-1,227	4,8
-1,230	4,8
-1,232	4,8
-1,235	4,8
-1,238	4,8
-1,240	4,8
-1,243	4,8
-1,246	4,8
-1,248	4,8
-1,251	4,8
-1,254	4,8
-1,256	4,8
-1,259	4,8
-1,262	4,8
-1,265	4,8
-1,267	4,8
-1,270	4,8
-1,273	4,8
-1,275	4,8
-1,278	4,8
-1,281	4,8
-1,283	4,8
-1,286	4,8
-1,289	4,8
-1,291	4,8
-1,294	4,8
-1,297	4,8
-1,299	4,8
-1,302	4,8
-1,305	4,8
-1,307	4,8
-1,310	4,8
-1,313	4,8
-1,315	4,8
-1,318	4,8
-1,321	4,8
-1,323	4,8
-1,326	4,8
-1,329	4,8
-1,331	4,8
-1,334	4,8
-1,337	4,8
-1,339	4,8
-1,342	4,8
-1,345	4,8
-1,347	4,8
-1,350	4,8
-1,353	4,8
-1,355	4,8
-1,358	4,8
-1,361	4,8
-1,363	4,8
-1,366	4,8
-1,369	4,9
-1,371	4,9
-1,374	4,9
-1,377	4,9
-1,379	4,8
-1,382	4,8
-1,385	4,8
-1,387	4,8
-1,390	4,8
-1,393	4,8
-1,395	4,8
-1,398	4,8
-1,401	4,8
-1,403	4,8
-1,406	4,8
-1,409	4,8
-1,411	4,8
-1,414	4,8
-1,417	4,8
-1,419	4,8
-1,422	4,8
-1,425	4,8
-1,428	4,8
-1,430	4,8
-1,433	4,8
-1,436	4,8
-1,438	4,8
-1,441	4,8
-1,444	4,8
-1,446	4,8
-1,449	4,8
-1,452	4,8
-1,454	4,8
-1,457	4,8
-1,460	4,8
-1,462	4,8
-1,465	4,8
-1,468	4,8
-1,470	4,8
-1,473	4,8
-1,476	4,8
-1,478	4,8
-1,481	4,8
-1,484	4,8
-1,486	4,8
-1,489	4,8
-1,492	4,8
-1,494	4,8
-1,497	4,8
-1,500	4,8
-1,502	4,8
-1,505	4,8
-1,508	4,8
-1,510	4,8
-1,513	4,8
-1,516	4,8
-1,518	4,8
-1,521	4,9
-1,524	4,9
-1,526	4,9
-1,529	4,9
-1,532	4,9
-1,534	4,9
-1,537	4,9
-1,540	4,8
-1,542	4,8
-1,545	4,9
-1,548	4,9
-1,550	4,9
-1,553	4,9
-1,556	4,9
-1,558	4,9
-1,561	4,9
-1,564	4,9
-1,566	4,9
-1,569	4,9
-1,572	4,9
-1,574	4,9
-1,577	4,9
-1,580	4,9
-1,582	4,9
-1,585	4,9
-1,588	4,9
-1,591	4,9
-1,593	4,9
-1,596	4,9
-1,599	4,9
-1,601	4,9
-1,604	4,9
-1,607	5,0
-1,609	5,0
-1,612	5,0
-1,615	5,0
-1,617	5,0
-1,620	5,0
-1,623	5,0
-1,625	5,0
-1,628	5,0
-1,631	5,0
-1,633	5,0
-1,636	5,0
-1,639	5,0
-1,641	5,0
-1,644	5,0
-1,647	5,1
-1,649	5,1
-1,652	5,0
-1,655	5,1
-1,657	5,1
-1,660	5,1
-1,663	5,1
-1,665	5,1
-1,668	5,1
-1,671	5,1
-1,673	5,1
-1,676	5,0
-1,679	5,1
-1,681	5,0
-1,684	5,1
-1,687	5,1
-1,689	5,1
-1,692	5,1
-1,695	5,1
-1,697	5,1
-1,700	5,1
-1,703	5,1
-1,705	5,1
-1,708	5,1
-1,711	5,1
-1,713	5,1
-1,716	5,1
-1,719	5,1
-1,721	5,1
-1,724	5,1
-1,727	5,1
-1,729	5,1
-1,732	5,1
-1,735	5,1
-1,737	5,1
-1,740	5,1
-1,743	5,1
-1,745	5,1
-1,748	5,1
-1,751	5,1
-1,753	5,2
-1,756	5,1
-1,759	5,1
-1,761	5,2
-1,764	5,1
-1,767	5,1
-1,769	5,1
-1,772	5,2
-1,775	5,2
-1,778	5,2
-1,780	5,2
-1,783	5,2
-1,786	5,2
-1,788	5,2
-1,791	5,2
-1,794	5,2
-1,796	5,2
-1,799	5,2
-1,802	5,2
-1,804	5,2
-1,807	5,2
-1,810	5,2
-1,812	5,2
-1,815	5,2
-1,818	5,2
-1,820	5,2
-1,823	5,2
-1,826	5,2
-1,828	5,2
-1,831	5,2
-1,834	5,2
-1,836	5,2
-1,839	5,2
-1,842	5,2
-1,844	5,2
-1,847	5,2
-1,850	5,2
-1,852	5,2
-1,855	5,2
-1,858	5,2
-1,860	5,2
-1,863	5,2
-1,866	5,2
-1,868	5,2
-1,871	5,2
-1,874	5,2
-1,876	5,2
-1,879	5,2
-1,882	5,2
-1,884	5,2
-1,887	5,2
-1,890	5,2
-1,892	5,2
-1,895	5,3
-1,898	5,3
-1,900	5,3
-1,903	5,3
-1,906	5,3
-1,908	5,3
-1,911	5,3
-1,914	5,3
-1,916	5,3
-1,919	5,3
-1,922	5,3
-1,924	5,3
-1,927	5,3
-1,930	5,3
-1,932	5,3
-1,935	5,3
-1,938	5,3
-1,940	5,3
-1,943	5,3
-1,946	5,3
-1,948	5,3
-1,951	5,3
-1,954	5,4
-1,956	5,4
-1,959	5,4
-1,962	5,4
-1,964	5,4
-1,967	5,4
-1,970	5,4
-1,972	5,4
-1,975	5,5
-1,978	5,4
-1,980	5,4
-1,983	5,5
-1,986	5,5
-1,989	5,5
-1,991	5,5
-1,994	5,5
-1,997	5,5
-1,999	5,5
-2,002	5,5
-2,005	5,5
-2,007	5,5
-2,010	5,5
-2,013	5,5
-2,015	5,5
-2,018	5,5
-2,021	5,5
-2,023	5,5
-2,026	5,5
-2,029	5,5
-2,031	5,5
-2,034	5,6
-2,037	5,6
-2,039	5,6
-2,042	5,6
-2,045	5,6
-2,047	5,6
-2,050	5,6
-2,053	5,6
-2,055	5,6
-2,058	5,6
-2,061	5,6
-2,063	5,6
-2,066	5,6
-2,069	5,6
-2,071	5,6
-2,074	5,6
-2,077	5,6
-2,079	5,6
-2,082	5,6
-2,085	5,6
-2,087	5,6
-2,090	5,6
-2,093	5,6
-2,095	5,6
-2,098	5,6
-2,101	5,6
-2,103	5,6
-2,106	5,6
-2,109	5,6
-2,111	5,6
-2,114	5,6
-2,117	5,6
-2,119	5,7
-2,122	5,7
-2,125	5,6
-2,127	5,6
-2,130	5,7
-2,133	5,6
-2,135	5,6
-2,138	5,6
-2,141	5,7
-2,143	5,7
-2,146	5,7
-2,149	5,7
-2,151	5,7
-2,154	5,7
-2,157	5,7
-2,159	5,7
-2,162	5,7
-2,165	5,7
-2,167	5,7
-2,170	5,7
-2,173	5,7
-2,175	5,7
-2,178	5,7
-2,181	5,8
-2,183	5,8
-2,186	5,8
-2,189	5,8
-2,191	5,8
-2,194	5,8
-2,197	5,8
-2,199	5,9
-2,202	5,9
-2,205	5,9
-2,207	5,9
-2,210	5,9
-2,213	5,9
-2,215	5,9
-2,218	5,9
-2,221	5,9
-2,223	5,9
-2,226	5,9
-2,229	5,9
-2,231	5,9
-2,234	5,9
-2,237	5,9
-2,240	5,9
-2,242	5,9
-2,245	6,0
-2,248	6,0
-2,250	6,0
-2,253	6,0
-2,256	6,0
-2,258	6,0
-2,261	6,0
-2,264	6,0
-2,266	6,0
-2,269	6,0
-2,272	6,0
-2,274	6,0
-2,277	6,0
-2,280	6,0
-2,282	6,0
-2,285	6,0
-2,288	6,0
-2,290	6,0
-2,293	6,0
-2,296	6,0
-2,298	6,0
-2,301	6,0
-2,304	6,0
-2,306	6,0
-2,309	6,0
-2,312	6,0
-2,314	6,0
-2,317	6,0
-2,320	6,0
-2,322	6,0
-2,325	6,0
-2,328	6,0
-2,330	6,0
-2,333	6,0
-2,336	6,0
-2,338	6,0
-2,341	6,0
-2,344	6,0
-2,346	6,0
-2,349	6,0
-2,352	6,0
-2,354	6,0
-2,357	6,0
-2,360	6,0
-2,362	6,0
-2,365	6,1
-2,368	6,1
-2,370	6,1
-2,373	6,1
-2,376	6,2
-2,378	6,2
-2,381	6,3
-2,384	6,3
-2,386	6,4
-2,389	6,4
-2,392	6,5
-2,394	6,5
-2,397	6,6
-2,400	6,6
-2,402	6,7
-2,405	6,7
-2,408	6,7
-2,410	6,8
-2,413	6,8
-2,416	6,8
-2,418	6,8
-2,421	6,9
-2,424	6,9
-2,426	7,0
-2,429	7,0
-2,432	7,0
-2,434	7,0
-2,437	7,1
-2,440	7,1
-2,442	7,1
-2,445	7,1
-2,448	7,2
-2,450	7,2
-2,453	7,2
-2,456	7,2
-2,458	7,2
-2,461	7,2
-2,464	7,2
-2,466	7,3
-2,469	7,3
-2,472	7,4
-2,474	7,4
-2,477	7,4
-2,480	7,4
-2,482	7,5
-2,485	7,5
-2,488	7,6
-2,490	7,6
-2,493	7,6
-2,496	7,6
-2,498	7,6
-2,501	7,6
-2,504	7,6
-2,506	7,6
-2,509	7,7
-2,512	7,7
-2,514	7,8
-2,517	7,9
-2,520	7,9
-2,522	7,9
-2,525	8,0
-2,528	8,0
-2,530	8,0
-2,533	8,0
-2,536	8,0
-2,538	8,0
-2,541	8,0
-2,544	8,0
-2,546	8,0
-2,549	8,1
-2,552	8,1
-2,554	8,1
-2,557	8,2
-2,560	8,2
-2,562	8,3
-2,565	8,3
-2,568	8,3
-2,570	8,3
-2,573	8,4
-2,576	8,4
-2,578	8,4
-2,581	8,4
-2,584	8,4
-2,586	8,4
-2,589	8,4
-2,592	8,4
-2,594	8,4
-2,597	8,4
-2,600	8,4
-2,602	8,4
-2,605	8,5
-2,608	8,5
-2,610	8,6
-2,613	8,6
-2,616	8,7
-2,619	8,7
-2,621	8,8
-2,624	8,8
-2,627	9,0
-2,629	9,0
-2,632	9,1
-2,635	9,1
-2,637	9,1
-2,640	9,1
-2,643	9,1
-2,645	9,2
-2,648	9,2
-2,651	9,2
-2,653	9,2
-2,656	9,3
-2,659	9,2
-2,661	9,2
-2,664	9,2
-2,667	9,3
-2,669	9,3
-2,672	9,3
-2,675	9,5
-2,677	9,5
-2,680	9,5
-2,683	9,5
-2,685	9,5
-2,688	9,6
-2,691	9,6
-2,693	9,6
-2,696	9,6
-2,699	9,5
-2,701	9,5
-2,704	9,6
-2,707	9,6
-2,709	9,6
-2,712	9,6
-2,715	9,6
-2,717	9,7
-2,720	9,8
-2,723	9,9
-2,725	9,9
-2,728	10,0
-2,731	10,0
-2,733	10,1
