#UG U dUG dU
0.000   3.800   0.001   0.800
0.081   2.730   0.001   0.050
0.194   1.980   0.001   0.030
0.305   1.400   0.001   0.030
0.401   1.020   0.001   0.030
0.489   0.900   0.001   0.030
0.608   0.470   0.001   0.010
0.701   0.215   0.001   0.005
0.811   0.046   0.001   0.002
0.899   0.014   0.001   0.002
0.992   0.002   0.001   0.001
1.100   -0.007  0.001   0.005
1.091   -0.006  0.001   0.003
1.000   0.000   0.001   0.001
0.906   0.009   0.001   0.003
0.812   0.040   0.001   0.003
0.714   0.170   0.001   0.010
0.593   0.450   0.001   0.010
0.492   0.710   0.001   0.010
0.399   1.010   0.001   0.030
0.307   1.500   0.001   0.100
0.205   1.900   0.001   0.100
0.107   2.600   0.001   0.020
0.001   3.470   0.001   0.050
