#UG U dUG dU
0.000   14.24   0.001   0.01
0.203   14.24   0.001   0.01
0.399   14.24   0.001   0.01
0.601   14.25   0.001   0.01
0.699   11.5    0.001   0.05
0.815   6.40    0.001   0.4
0.895   5.40    0.001   0.3
1.013   3.70    0.001   0.3
1.105   2.20    0.001   0.1
1.194   1.28    0.001   0.01
1.298   0.48    0.001   0.01
1.423   0.172   0.001   0.002
1.511   0.127   0.001   0.004
1.622   0.114   0.001   0.004
1.708   0.077   0.001   0.004
1.816   0.042   0.001   0.008
1.854   0.03    0.001   0.002
1.780   0.035   0.001   0.003
1.651   0.071   0.001   0.01
1.546   0.11    0.001   0.01
1.438   0.18    0.001   0.02
1.324   0.51    0.001   0.02
1.198   1.70    0.001   0.001
0.934   5.10    0.001   0.05
0.843   5.85    0.001   0.5
0.729   8.51    0.001   0.6
0.644   9.70    0.001   0.2
0.521   12.7    0.001   0.4
0.464   14.24   0.001   0.01
0.313   14.24   0.001   0.01
0.170   14.24   0.001   0.01
0.001   14.24   0.001   0.01
