# UG U dUG dU
0.001   12.5    0.001   1.2
0.101   11.96   0.001   0.5
0.198   10.1    0.001   0.030
0.301   8.30    0.001   0.030
0.401   7.13    0.001   0.030
0.496   5.78    0.001   0.2
0.599   3.84    0.001   0.2
0.698   3.02    0.001   0.03
0.806   2.29    0.001   0.02
0.901   1.75    0.001   0.02
1.003   1.24    0.001   0.02
1.099   0.82    0.001   0.02
1.197   0.44    0.001   0.01
1.300   0.150   0.001   0.02
1.406   0.052   0.001   0.01
1.502   0.034   0.001   0.005
1.601   0.023   0.001   0.005
1.707   0.011   0.001   0.003
1.803   0.004   0.001   0.001
1.853   0.000   0.001   0.001
1.805   0.004   0.001   0.002
1.701   0.011   0.001   0.002
1.597   0.020   0.001   0.003
1.494   0.031   0.001   0.002
1.395   0.052   0.001   0.002
1.304   0.163   0.001   0.003
1.199   0.448   0.001   0.005
1.106   0.780   0.001   0.01
0.998   1.06    0.001   0.01
0.897   1.40    0.001   0.01
0.804   1.92    0.001   0.07
0.698   2.46    0.001   0.3
0.596   3.68    0.001   0.1
0.498   4.54    0.001   0.05
0.404   5.51    0.001   0.05
0.299   6.78    0.001   0.2
0.198   8.00    0.001   0.3
0.109   9.20    0.001   0.1
0.000   10.7    0.001   0.3
