#UG U dUG dU
0.000   3.75    0.001   0.05
0.106   3.00    0.001   0.05
0.208   2.40    0.001   0.08
0.306   1.90    0.001   0.05
0.403   1.40    0.001   0.02
0.507   1.01    0.001   0.01
0.604   0.75    0.001   0.01
0.705   0.51    0.001   0.01
0.805   0.399   0.001   0.003
0.918   0.125   0.001   0.002
1.008   0.040   0.001   0.002
1.094   0.016   0.001   0.001
1.212   0.006   0.001   0.002
1.312   0.000   0.001   0.001
1.289   0.000   0.001   0.001
1.194   0.007   0.001   0.001
1.093   0.017   0.001   0.001
1.003   0.044   0.001   0.001
0.903   0.146   0.001   0.002
0.806   0.309   0.001   0.003
0.707   0.506   0.001   0.003
0.599   0.76    0.001   0.08
0.493   0.86    0.001   0.03
0.398   1.06    0.001   0.03
0.304   1.50    0.001   0.04
0.191   1.87    0.001   0.04
0.097   2.35    0.001   0.05
0.000   3.56    0.001   0.5
