2.736	7.7
2.733	7.7
2.731	7.6
2.728	7.6
2.725	7.7
2.723	7.7
2.720	7.6
2.717	7.6
2.715	7.6
2.712	7.6
2.709	7.6
2.707	7.6
2.704	7.6
2.701	7.6
2.699	7.6
2.696	7.6
2.693	7.6
2.691	7.6
2.688	7.6
2.685	7.6
2.683	7.6
2.680	7.6
2.677	7.6
2.675	7.6
2.672	7.6
2.669	7.6
2.667	7.6
2.664	7.5
2.661	7.5
2.659	7.5
2.656	7.5
2.653	7.5
2.651	7.5
2.648	7.5
2.645	7.5
2.643	7.5
2.640	7.5
2.637	7.5
2.635	7.5
2.632	7.5
2.629	7.5
2.627	7.5
2.624	7.5
2.621	7.5
2.619	7.5
2.616	7.5
2.613	7.5
2.610	7.5
2.608	7.5
2.605	7.5
2.602	7.5
2.600	7.5
2.597	7.5
2.594	7.5
2.592	7.4
2.589	7.4
2.586	7.5
2.584	7.4
2.581	7.4
2.578	7.4
2.576	7.4
2.573	7.4
2.570	7.4
2.568	7.4
2.565	7.4
2.562	7.4
2.560	7.4
2.557	7.4
2.554	7.4
2.552	7.4
2.549	7.4
2.546	7.4
2.544	7.4
2.541	7.4
2.538	7.4
2.536	7.4
2.533	7.4
2.530	7.4
2.528	7.3
2.525	7.3
2.522	7.3
2.520	7.3
2.517	7.3
2.514	7.3
2.512	7.3
2.509	7.3
2.506	7.3
2.504	7.3
2.501	7.3
2.498	7.3
2.496	7.3
2.493	7.3
2.490	7.3
2.488	7.3
2.485	7.3
2.482	7.3
2.480	7.2
2.477	7.2
2.474	7.2
2.472	7.2
2.469	7.2
2.466	7.2
2.464	7.2
2.461	7.2
2.458	7.2
2.456	7.2
2.453	7.1
2.450	7.2
2.448	7.2
2.445	7.2
2.442	7.2
2.440	7.1
2.437	7.2
2.434	7.2
2.432	7.2
2.429	7.2
2.426	7.2
2.424	7.2
2.421	7.2
2.418	7.2
2.416	7.1
2.413	7.1
2.410	7.1
2.408	7.1
2.405	7.1
2.402	7.1
2.400	7.1
2.397	7.1
2.394	7.1
2.392	7.1
2.389	7.1
2.386	7.0
2.384	7.1
2.381	7.1
2.378	7.0
2.376	7.1
2.373	7.1
2.370	7.0
2.368	7.0
2.365	7.0
2.362	7.0
2.360	7.0
2.357	7.0
2.354	7.0
2.352	7.1
2.349	7.0
2.346	7.0
2.344	7.0
2.341	7.0
2.338	7.0
2.336	7.0
2.333	7.0
2.330	7.0
2.328	7.0
2.325	7.0
2.322	7.0
2.320	6.9
2.317	6.9
2.314	7.0
2.312	6.9
2.309	6.9
2.306	6.9
2.304	7.0
2.301	7.0
2.298	7.0
2.296	6.9
2.293	6.9
2.290	7.0
2.288	6.9
2.285	6.9
2.282	6.9
2.280	6.9
2.277	6.9
2.274	6.9
2.272	6.8
2.269	6.9
2.266	6.9
2.264	6.9
2.261	6.9
2.258	6.9
2.256	6.9
2.253	6.9
2.250	6.9
2.248	6.9
2.245	6.9
2.242	6.8
2.240	6.8
2.237	6.8
2.234	6.9
2.231	6.8
2.229	6.8
2.226	6.8
2.223	6.7
2.221	6.8
2.218	6.8
2.215	6.7
2.213	6.7
2.210	6.8
2.207	6.8
2.205	6.8
2.202	6.8
2.199	6.8
2.197	6.8
2.194	6.7
2.191	6.7
2.189	6.7
2.186	6.7
2.183	6.7
2.181	6.7
2.178	6.7
2.175	6.7
2.173	6.7
2.170	6.7
2.167	6.7
2.165	6.7
2.162	6.7
2.159	6.7
2.157	6.7
2.154	6.7
2.151	6.6
2.149	6.6
2.146	6.7
2.143	6.7
2.141	6.7
2.138	6.7
2.135	6.7
2.133	6.7
2.130	6.6
2.127	6.6
2.125	6.7
2.122	6.6
2.119	6.6
2.117	6.6
2.114	6.6
2.111	6.6
2.109	6.6
2.106	6.7
2.103	6.6
2.101	6.6
2.098	6.6
2.095	6.6
2.093	6.6
2.090	6.6
2.087	6.6
2.085	6.6
2.082	6.6
2.079	6.6
2.077	6.6
2.074	6.6
2.071	6.6
2.069	6.6
2.066	6.6
2.063	6.6
2.061	6.5
2.058	6.6
2.055	6.6
2.053	6.5
2.050	6.6
2.047	6.6
2.045	6.6
2.042	6.5
2.039	6.5
2.037	6.6
2.034	6.5
2.031	6.5
2.029	6.6
2.026	6.5
2.023	6.6
2.021	6.5
2.018	6.5
2.015	6.5
2.013	6.5
2.010	6.5
2.007	6.5
2.005	6.5
2.002	6.5
1.999	6.5
1.997	6.5
1.994	6.5
1.991	6.5
1.989	6.5
1.986	6.5
1.983	6.5
1.980	6.5
1.978	6.5
1.975	6.5
1.972	6.5
1.970	6.5
1.967	6.4
1.964	6.4
1.962	6.5
1.959	6.5
1.956	6.5
1.954	6.5
1.951	6.5
1.948	6.5
1.946	6.5
1.943	6.5
1.940	6.5
1.938	6.5
1.935	6.5
1.932	6.5
1.930	6.4
1.927	6.4
1.924	6.4
1.922	6.4
1.919	6.4
1.916	6.4
1.914	6.4
1.911	6.4
1.908	6.4
1.906	6.4
1.903	6.4
1.900	6.4
1.898	6.4
1.895	6.4
1.892	6.4
1.890	6.4
1.887	6.4
1.884	6.4
1.882	6.4
1.879	6.4
1.876	6.4
1.874	6.4
1.871	6.4
1.868	6.4
1.866	6.4
1.863	6.4
1.860	6.4
1.858	6.4
1.855	6.4
1.852	6.4
1.850	6.4
1.847	6.4
1.844	6.4
1.842	6.4
1.839	6.4
1.836	6.4
1.834	6.4
1.831	6.4
1.828	6.4
1.826	6.4
1.823	6.4
1.820	6.4
1.818	6.4
1.815	6.4
1.812	6.4
1.810	6.4
1.807	6.4
1.804	6.4
1.802	6.4
1.799	6.4
1.796	6.4
1.794	6.4
1.791	6.4
1.788	6.4
1.786	6.4
1.783	6.4
1.780	6.4
1.778	6.4
1.775	6.4
1.772	6.4
1.769	6.4
1.767	6.4
1.764	6.4
1.761	6.4
1.759	6.4
1.756	6.4
1.753	6.4
1.751	6.4
1.748	6.4
1.745	6.4
1.743	6.4
1.740	6.4
1.737	6.4
1.735	6.4
1.732	6.4
1.729	6.4
1.727	6.4
1.724	6.4
1.721	6.4
1.719	6.4
1.716	6.4
1.713	6.4
1.711	6.4
1.708	6.4
1.705	6.4
1.703	6.4
1.700	6.4
1.697	6.4
1.695	6.4
1.692	6.4
1.689	6.4
1.687	6.4
1.684	6.3
1.681	6.4
1.679	6.3
1.676	6.3
1.673	6.3
1.671	6.3
1.668	6.3
1.665	6.3
1.663	6.3
1.660	6.3
1.657	6.3
1.655	6.3
1.652	6.3
1.649	6.3
1.647	6.3
1.644	6.3
1.641	6.3
1.639	6.3
1.636	6.3
1.633	6.3
1.631	6.3
1.628	6.3
1.625	6.3
1.623	6.3
1.620	6.3
1.617	6.3
1.615	6.3
1.612	6.3
1.609	6.3
1.607	6.3
1.604	6.3
1.601	6.3
1.599	6.3
1.596	6.3
1.593	6.3
1.591	6.3
1.588	6.3
1.585	6.3
1.582	6.3
1.580	6.3
1.577	6.3
1.574	6.3
1.572	6.3
1.569	6.3
1.566	6.3
1.564	6.3
1.561	6.3
1.558	6.3
1.556	6.3
1.553	6.3
1.550	6.3
1.548	6.3
1.545	6.3
1.542	6.2
1.540	6.2
1.537	6.2
1.534	6.2
1.532	6.2
1.529	6.2
1.526	6.2
1.524	6.2
1.521	6.2
1.518	6.2
1.516	6.2
1.513	6.2
1.510	6.2
1.508	6.2
1.505	6.2
1.502	6.2
1.500	6.2
1.497	6.2
1.494	6.2
1.492	6.2
1.489	6.2
1.486	6.2
1.484	6.2
1.481	6.2
1.478	6.2
1.476	6.2
1.473	6.2
1.470	6.2
1.468	6.2
1.465	6.1
1.462	6.2
1.460	6.2
1.457	6.1
1.454	6.1
1.452	6.1
1.449	6.1
1.446	6.1
1.444	6.1
1.441	6.1
1.438	6.1
1.436	6.1
1.433	6.1
1.430	6.1
1.428	6.1
1.425	6.1
1.422	6.1
1.419	6.1
1.417	6.1
1.414	6.1
1.411	6.1
1.409	6.1
1.406	6.1
1.403	6.1
1.401	6.1
1.398	6.1
1.395	6.1
1.393	6.1
1.390	6.1
1.387	6.1
1.385	6.1
1.382	6.1
1.379	6.1
1.377	6.1
1.374	6.1
1.371	6.1
1.369	6.0
1.366	6.0
1.363	6.0
1.361	6.0
1.358	6.0
1.355	6.0
1.353	5.9
1.350	5.9
1.347	5.9
1.345	6.0
1.342	6.0
1.339	6.0
1.337	6.0
1.334	5.9
1.331	5.9
1.329	6.0
1.326	6.0
1.323	5.9
1.321	5.9
1.318	5.9
1.315	5.9
1.313	5.9
1.310	5.9
1.307	5.9
1.305	5.9
1.302	5.9
1.299	5.9
1.297	5.9
1.294	5.9
1.291	5.9
1.289	5.9
1.286	5.9
1.283	5.9
1.281	5.9
1.278	5.9
1.275	5.9
1.273	5.9
1.270	5.9
1.267	5.9
1.265	5.9
1.262	5.9
1.259	5.9
1.256	5.9
1.254	5.9
1.251	5.9
1.248	5.9
1.246	5.9
1.243	5.9
1.240	5.9
1.238	5.9
1.235	5.9
1.232	5.9
1.230	5.9
1.227	5.9
1.224	5.9
1.222	5.9
1.219	5.8
1.216	5.9
1.214	5.9
1.211	5.9
1.208	5.9
1.206	5.9
1.203	5.9
1.200	5.9
1.198	5.9
1.195	5.9
1.192	5.8
1.190	5.8
1.187	5.8
1.184	5.8
1.182	5.8
1.179	5.8
1.176	5.8
1.174	5.8
1.171	5.8
1.168	5.8
1.166	5.8
1.163	5.8
1.160	5.8
1.158	5.8
1.155	5.8
1.152	5.8
1.150	5.8
1.147	5.8
1.144	5.8
1.142	5.8
1.139	5.8
1.136	5.8
1.134	5.8
1.131	5.8
1.128	5.8
1.126	5.8
1.123	5.8
1.120	5.8
1.118	5.8
1.115	5.8
1.112	5.8
1.109	5.8
1.107	5.8
1.104	5.8
1.101	5.8
1.099	5.8
1.096	5.8
1.093	5.8
1.091	5.8
1.088	5.8
1.085	5.8
1.083	5.8
1.080	5.8
1.077	5.8
1.075	5.7
1.072	5.7
1.069	5.7
1.067	5.7
1.064	5.7
1.061	5.7
1.059	5.7
1.056	5.7
1.053	5.8
1.051	5.8
1.048	5.7
1.045	5.7
1.043	5.7
1.040	5.7
1.037	5.7
1.035	5.8
1.032	5.8
1.029	5.8
1.027	5.8
1.024	5.7
1.021	5.7
1.019	5.7
1.016	5.7
1.013	5.7
1.011	5.7
1.008	5.7
1.005	5.7
1.003	5.7
1.000	5.6
0.997	5.7
0.995	5.7
0.992	5.7
0.989	5.7
0.987	5.7
0.984	5.7
0.981	5.7
0.979	5.7
0.976	5.7
0.973	5.7
0.970	5.7
0.968	5.7
0.965	5.6
0.962	5.6
0.960	5.6
0.957	5.6
0.954	5.6
0.952	5.6
0.949	5.6
0.946	5.6
0.944	5.6
0.941	5.6
0.938	5.6
0.936	5.6
0.933	5.6
0.930	5.6
0.928	5.6
0.925	5.6
0.922	5.6
0.920	5.6
0.917	5.6
0.914	5.6
0.912	5.6
0.909	5.6
0.906	5.6
0.904	5.6
0.901	5.6
0.898	5.6
0.896	5.6
0.893	5.6
0.890	5.6
0.888	5.6
0.885	5.6
0.882	5.6
0.880	5.6
0.877	5.6
0.874	5.6
0.872	5.6
0.869	5.6
0.866	5.6
0.864	5.6
0.861	5.6
0.858	5.6
0.856	5.6
0.853	5.6
0.850	5.6
0.848	5.6
0.845	5.6
0.842	5.6
0.840	5.6
0.837	5.6
0.834	5.6
0.831	5.6
0.829	5.6
0.826	5.6
0.823	5.6
0.821	5.6
0.818	5.6
0.815	5.6
0.813	5.6
0.810	5.6
0.807	5.6
0.805	5.6
0.802	5.6
0.799	5.6
0.797	5.6
0.794	5.6
0.791	5.6
0.789	5.6
0.786	5.6
0.783	5.6
0.781	5.6
0.778	5.6
0.775	5.6
0.773	5.6
0.770	5.6
0.767	5.6
0.765	5.6
0.762	5.5
0.759	5.5
0.757	5.5
0.754	5.5
0.751	5.5
0.749	5.5
0.746	5.6
0.743	5.6
0.741	5.6
0.738	5.6
0.735	5.6
0.733	5.5
0.730	5.5
0.727	5.5
0.725	5.5
0.722	5.5
0.719	5.5
0.717	5.5
0.714	5.5
0.711	5.5
0.709	5.5
0.706	5.5
0.703	5.5
0.701	5.5
0.698	5.5
0.695	5.5
0.692	5.5
0.690	5.5
0.687	5.5
0.684	5.5
0.682	5.5
0.679	5.5
0.676	5.5
0.674	5.5
0.671	5.5
0.668	5.5
0.666	5.5
0.663	5.5
0.660	5.5
0.658	5.5
0.655	5.5
0.652	5.5
0.650	5.5
0.647	5.5
0.644	5.5
0.642	5.5
0.639	5.5
0.636	5.5
0.634	5.5
0.631	5.5
0.628	5.5
0.626	5.5
0.623	5.5
0.620	5.5
0.618	5.5
0.615	5.5
0.612	5.5
0.610	5.4
0.607	5.4
0.604	5.5
0.602	5.5
0.599	5.5
0.596	5.5
0.594	5.5
0.591	5.5
0.588	5.5
0.586	5.5
0.583	5.5
0.580	5.5
0.578	5.5
0.575	5.5
0.572	5.5
0.570	5.5
0.567	5.5
0.564	5.5
0.561	5.4
0.559	5.5
0.556	5.4
0.553	5.4
0.551	5.4
0.548	5.5
0.545	5.5
0.543	5.5
0.540	5.5
0.537	5.4
0.535	5.4
0.532	5.4
0.529	5.4
0.527	5.4
0.524	5.4
0.521	5.4
0.519	5.4
0.516	5.4
0.513	5.4
0.511	5.4
0.508	5.4
0.505	5.4
0.503	5.4
0.500	5.4
0.497	5.4
0.495	5.4
0.492	5.4
0.489	5.4
0.487	5.4
0.484	5.4
0.481	5.4
0.479	5.4
0.476	5.4
0.473	5.4
0.471	5.4
0.468	5.4
0.465	5.4
0.463	5.4
0.460	5.4
0.457	5.4
0.455	5.4
0.452	5.4
0.449	5.4
0.447	5.4
0.444	5.5
0.441	5.5
0.438	5.5
0.436	5.5
0.433	5.4
0.430	5.4
0.428	5.4
0.425	5.4
0.422	5.4
0.420	5.4
0.417	5.5
0.414	5.5
0.412	5.4
0.409	5.4
0.406	5.4
0.404	5.5
0.401	5.5
0.398	5.5
0.396	5.5
0.393	5.5
0.390	5.5
0.388	5.5
0.385	5.5
0.382	5.5
0.380	5.5
0.377	5.5
0.374	5.5
0.372	5.5
0.369	5.5
0.366	5.5
0.364	5.5
0.361	5.5
0.358	5.5
0.356	5.5
0.353	5.5
0.350	5.5
0.348	5.5
0.345	5.5
0.342	5.5
0.340	5.5
0.337	5.5
0.334	5.5
0.332	5.6
0.329	5.6
0.326	5.6
0.324	5.6
0.321	5.6
0.318	5.7
0.316	5.6
0.313	5.6
0.310	5.7
0.307	5.7
0.305	5.7
0.302	5.7
0.299	5.7
0.297	5.7
0.294	5.7
0.291	5.7
0.289	5.7
0.286	5.7
0.283	5.8
0.281	5.8
0.278	5.8
0.275	5.8
0.273	5.8
0.270	5.8
0.267	5.9
0.265	5.9
0.262	5.9
0.259	5.9
0.257	5.9
0.254	5.9
0.251	5.9
0.249	5.9
0.246	6.0
0.243	6.0
0.241	6.0
0.238	6.0
0.235	6.0
0.233	6.0
0.230	6.0
0.227	6.0
0.225	6.0
0.222	6.0
0.219	6.0
0.217	6.0
0.214	6.0
0.211	6.0
0.209	6.0
0.206	6.0
0.203	6.0
0.201	6.0
0.198	6.1
0.195	6.1
0.193	6.1
0.190	6.2
0.187	6.2
0.184	6.2
0.182	6.2
0.179	6.2
0.176	6.3
0.174	6.2
0.171	6.3
0.168	6.4
0.166	6.4
0.163	6.5
0.160	6.6
0.158	6.6
0.155	6.6
0.152	6.6
0.150	6.7
0.147	6.7
0.144	6.7
0.142	6.7
0.139	6.7
0.136	6.7
0.134	6.8
0.131	6.9
0.128	6.9
0.126	6.9
0.123	6.9
0.120	6.9
0.118	7.0
0.115	7.0
0.112	7.0
0.110	7.1
0.107	7.0
0.104	7.1
0.102	7.1
0.099	7.1
0.096	7.1
0.094	7.1
0.091	7.2
0.088	7.2
0.086	7.3
0.083	7.3
0.080	7.3
0.078	7.3
0.075	7.4
0.072	7.4
0.070	7.4
0.067	7.5
0.064	7.5
0.061	7.6
0.059	7.6
0.056	7.6
0.053	7.6
0.051	7.6
0.048	7.6
0.045	7.6
0.043	7.7
0.040	7.7
0.037	7.8
0.035	7.8
0.032	7.8
0.029	7.8
0.027	7.8
0.024	7.8
0.021	7.8
0.019	7.8
0.016	7.8
0.013	7.8
0.011	7.9
0.008	7.9
0.005	7.9
0.003	7.9
0.000	8.1
-0.003	8.1
-0.005	8.1
-0.008	8.1
-0.011	8.2
-0.013	8.2
-0.016	8.2
-0.019	8.3
-0.021	8.3
-0.024	8.3
-0.027	8.3
-0.029	8.3
-0.032	8.3
-0.035	8.4
-0.037	8.4
-0.040	8.4
-0.043	8.4
-0.045	8.4
-0.048	8.5
-0.051	8.5
-0.053	8.5
-0.056	8.5
-0.059	8.6
-0.061	8.6
-0.064	8.6
-0.067	8.7
-0.070	8.7
-0.072	8.8
-0.075	8.8
-0.078	8.8
-0.080	8.7
-0.083	8.9
-0.086	8.9
-0.088	8.9
-0.091	8.8
-0.094	8.8
-0.096	8.9
-0.099	9.0
-0.102	9.0
-0.104	9.1
-0.107	9.1
-0.110	9.1
-0.112	9.1
-0.115	9.1
-0.118	9.1
-0.120	9.2
-0.123	9.2
-0.126	9.3
-0.128	9.2
-0.131	9.2
-0.134	9.3
-0.136	9.4
-0.139	9.4
-0.142	9.4
-0.144	9.5
-0.147	9.5
-0.150	9.5
-0.152	9.5
-0.155	9.5
-0.158	9.5
-0.160	9.6
-0.163	9.6
-0.166	9.6
-0.168	9.6
-0.171	9.6
-0.174	9.6
-0.176	9.6
-0.179	9.7
-0.182	9.7
-0.184	9.8
-0.187	9.8
-0.190	9.8
-0.193	9.8
-0.195	9.8
-0.198	9.8
-0.201	9.8
-0.203	9.8
-0.206	9.8
-0.209	9.8
-0.211	9.8
-0.214	9.8
-0.217	9.9
-0.219	9.9
-0.222	9.9
-0.225	9.9
-0.227	9.9
-0.230	9.9
-0.233	9.9
-0.235	9.9
-0.238	10.0
-0.241	9.9
-0.243	10.0
-0.246	10.0
-0.249	10.0
-0.251	10.0
-0.254	10.0
-0.257	10.0
-0.259	10.0
-0.262	10.0
-0.265	10.0
-0.267	10.1
-0.270	10.1
-0.273	10.0
-0.275	10.0
-0.278	10.0
-0.281	10.0
-0.283	10.0
-0.286	10.1
-0.289	10.1
-0.291	10.1
-0.294	10.1
-0.297	10.1
-0.299	10.0
-0.302	9.9
-0.305	9.9
-0.307	10.0
-0.310	10.0
-0.313	10.0
-0.316	10.1
-0.318	10.1
-0.321	10.1
-0.324	10.2
-0.326	10.2
-0.329	10.1
-0.332	9.7
-0.334	9.6
-0.337	9.6
-0.340	9.9
-0.342	10.0
-0.345	10.0
-0.348	10.0
-0.350	10.0
-0.353	10.0
-0.356	10.0
-0.358	10.0
-0.361	10.0
-0.364	9.9
-0.366	9.8
-0.369	9.8
-0.372	9.8
-0.374	9.8
-0.377	9.9
-0.380	9.9
-0.382	9.9
-0.385	9.9
-0.388	9.9
-0.390	9.9
-0.393	9.9
-0.396	9.9
-0.398	9.9
-0.401	9.9
-0.404	9.9
-0.406	9.9
-0.409	9.9
-0.412	9.9
-0.414	9.9
-0.417	9.9
-0.420	9.9
-0.422	9.9
-0.425	9.9
-0.428	9.9
-0.430	9.9
-0.433	9.8
-0.436	9.7
-0.438	9.7
-0.441	9.7
-0.444	9.7
-0.447	9.7
-0.449	9.7
-0.452	9.6
-0.455	9.6
-0.457	9.6
-0.460	9.6
-0.463	9.6
-0.465	9.5
-0.468	9.5
-0.471	9.5
-0.473	9.5
-0.476	9.5
-0.479	9.4
-0.481	9.3
-0.484	9.2
-0.487	9.2
-0.489	9.2
-0.492	9.3
-0.495	9.2
-0.497	9.1
-0.500	9.0
-0.503	9.0
-0.505	9.1
-0.508	9.1
-0.511	9.1
-0.513	9.1
-0.516	9.1
-0.519	9.0
-0.521	9.0
-0.524	9.0
-0.527	8.9
-0.529	8.9
-0.532	8.9
-0.535	8.8
-0.537	8.7
-0.540	8.6
-0.543	8.6
-0.545	8.6
-0.548	8.6
-0.551	8.7
-0.553	8.7
-0.556	8.7
-0.559	8.6
-0.561	8.6
-0.564	8.6
-0.567	8.5
-0.570	8.5
-0.572	8.4
-0.575	8.4
-0.578	8.4
-0.580	8.4
-0.583	8.3
-0.586	8.3
-0.588	8.3
-0.591	8.3
-0.594	8.2
-0.596	8.1
-0.599	8.1
-0.602	8.1
-0.604	8.1
-0.607	8.0
-0.610	8.0
-0.612	7.9
-0.615	7.9
-0.618	7.9
-0.620	7.8
-0.623	7.8
-0.626	7.7
-0.628	7.7
-0.631	7.6
-0.634	7.6
-0.636	7.6
-0.639	7.6
-0.642	7.5
-0.644	7.5
-0.647	7.5
-0.650	7.4
-0.652	7.2
-0.655	7.2
-0.658	7.2
-0.660	7.1
-0.663	7.1
-0.666	7.1
-0.668	7.0
-0.671	7.0
-0.674	6.9
-0.676	6.9
-0.679	6.7
-0.682	6.6
-0.684	6.6
-0.687	6.6
-0.690	6.5
-0.692	6.4
-0.695	6.4
-0.698	6.4
-0.701	6.4
-0.703	6.4
-0.706	6.4
-0.709	6.4
-0.711	6.4
-0.714	6.4
-0.717	6.4
-0.719	6.3
-0.722	6.3
-0.725	6.3
-0.727	6.2
-0.730	6.2
-0.733	6.2
-0.735	6.2
-0.738	6.1
-0.741	6.1
-0.743	6.0
-0.746	6.0
-0.749	6.0
-0.751	6.0
-0.754	5.9
-0.757	5.9
-0.759	5.9
-0.762	5.9
-0.765	5.8
-0.767	5.8
-0.770	5.8
-0.773	5.7
-0.775	5.7
-0.778	5.6
-0.781	5.6
-0.783	5.6
-0.786	5.6
-0.789	5.6
-0.791	5.5
-0.794	5.5
-0.797	5.4
-0.799	5.4
-0.802	5.4
-0.805	5.4
-0.807	5.4
-0.810	5.4
-0.813	5.3
-0.815	5.3
-0.818	5.3
-0.821	5.3
-0.823	5.3
-0.826	5.2
-0.829	5.2
-0.831	5.2
-0.834	5.2
-0.837	5.2
-0.840	5.2
-0.842	5.2
-0.845	5.2
-0.848	5.2
-0.850	5.2
-0.853	5.2
-0.856	5.2
-0.858	5.2
-0.861	5.2
-0.864	5.2
-0.866	5.1
-0.869	5.1
-0.872	5.1
-0.874	5.1
-0.877	5.1
-0.880	5.1
-0.882	5.1
-0.885	5.1
-0.888	5.1
-0.890	5.1
-0.893	5.1
-0.896	5.1
-0.898	5.1
-0.901	5.1
-0.904	5.0
-0.906	5.1
-0.909	5.1
-0.912	5.1
-0.914	5.1
-0.917	5.1
-0.920	5.1
-0.922	5.1
-0.925	5.1
-0.928	5.1
-0.930	5.1
-0.933	5.1
-0.936	5.1
-0.938	5.1
-0.941	5.0
-0.944	5.0
-0.946	5.0
-0.949	5.0
-0.952	5.0
-0.954	5.0
-0.957	5.0
-0.960	5.0
-0.962	5.0
-0.965	5.0
-0.968	5.0
-0.970	5.0
-0.973	5.0
-0.976	5.0
-0.979	5.0
-0.981	5.0
-0.984	5.0
-0.987	5.0
-0.989	5.0
-0.992	5.0
-0.995	5.0
-0.997	5.0
-1.000	5.0
-1.003	5.0
-1.005	4.9
-1.008	4.9
-1.011	4.9
-1.013	4.9
-1.016	4.9
-1.019	4.9
-1.021	4.9
-1.024	4.9
-1.027	4.9
-1.029	4.9
-1.032	4.9
-1.035	4.9
-1.037	4.9
-1.040	4.9
-1.043	4.9
-1.045	4.9
-1.048	4.9
-1.051	4.9
-1.053	4.9
-1.056	4.9
-1.059	4.9
-1.061	4.9
-1.064	4.9
-1.067	4.9
-1.069	4.9
-1.072	4.9
-1.075	4.9
-1.077	4.9
-1.080	4.9
-1.083	4.9
-1.085	4.9
-1.088	4.9
-1.091	4.9
-1.093	4.9
-1.096	4.9
-1.099	4.9
-1.101	4.9
-1.104	4.9
-1.107	4.9
-1.109	4.9
-1.112	4.9
-1.115	4.9
-1.118	4.9
-1.120	4.9
-1.123	4.9
-1.126	4.9
-1.128	4.9
-1.131	4.9
-1.134	4.9
-1.136	4.9
-1.139	4.9
-1.142	4.9
-1.144	4.9
-1.147	4.9
-1.150	4.9
-1.152	4.9
-1.155	5.0
-1.158	5.0
-1.160	5.0
-1.163	5.0
-1.166	4.9
-1.168	4.9
-1.171	4.9
-1.174	4.9
-1.176	4.9
-1.179	4.9
-1.182	4.9
-1.184	4.9
-1.187	4.9
-1.190	4.9
-1.192	4.9
-1.195	4.9
-1.198	4.9
-1.200	4.9
-1.203	4.9
-1.206	4.9
-1.208	4.9
-1.211	4.9
-1.214	4.9
-1.216	4.9
-1.219	4.9
-1.222	4.9
-1.224	4.9
-1.227	4.9
-1.230	4.9
-1.232	4.9
-1.235	4.9
-1.238	4.9
-1.240	4.9
-1.243	4.9
-1.246	4.9
-1.248	4.9
-1.251	4.9
-1.254	4.9
-1.256	4.9
-1.259	4.9
-1.262	4.9
-1.265	4.9
-1.267	4.9
-1.270	4.9
-1.273	4.9
-1.275	4.9
-1.278	4.9
-1.281	4.9
-1.283	4.9
-1.286	4.9
-1.289	4.9
-1.291	4.9
-1.294	4.9
-1.297	4.9
-1.299	4.9
-1.302	4.9
-1.305	4.9
-1.307	5.0
-1.310	4.9
-1.313	5.0
-1.315	4.9
-1.318	4.9
-1.321	5.0
-1.323	5.0
-1.326	4.9
-1.329	4.9
-1.331	4.9
-1.334	4.9
-1.337	4.9
-1.339	4.9
-1.342	4.9
-1.345	4.9
-1.347	4.9
-1.350	4.9
-1.353	4.9
-1.355	4.9
-1.358	4.9
-1.361	4.9
-1.363	4.9
-1.366	4.9
-1.369	5.0
-1.371	5.0
-1.374	4.9
-1.377	4.9
-1.379	4.9
-1.382	4.9
-1.385	4.9
-1.387	4.9
-1.390	4.9
-1.393	4.9
-1.395	4.9
-1.398	4.9
-1.401	4.9
-1.403	4.9
-1.406	4.9
-1.409	4.9
-1.411	4.9
-1.414	4.9
-1.417	4.9
-1.419	4.9
-1.422	4.9
-1.425	4.8
-1.428	4.9
-1.430	4.9
-1.433	4.9
-1.436	4.9
-1.438	4.9
-1.441	4.9
-1.444	4.9
-1.446	4.9
-1.449	4.9
-1.452	4.9
-1.454	4.9
-1.457	4.9
-1.460	4.9
-1.462	4.9
-1.465	4.9
-1.468	4.9
-1.470	4.9
-1.473	4.9
-1.476	4.9
-1.478	4.9
-1.481	4.9
-1.484	4.9
-1.486	4.9
-1.489	4.9
-1.492	4.9
-1.494	4.9
-1.497	4.9
-1.500	4.9
-1.502	4.9
-1.505	4.9
-1.508	4.9
-1.510	4.9
-1.513	4.9
-1.516	4.9
-1.518	4.9
-1.521	4.9
-1.524	4.9
-1.526	4.9
-1.529	4.9
-1.532	4.9
-1.534	4.9
-1.537	4.9
-1.540	4.9
-1.542	4.9
-1.545	4.9
-1.548	4.9
-1.550	4.9
-1.553	4.9
-1.556	4.9
-1.558	4.9
-1.561	4.8
-1.564	4.8
-1.566	4.8
-1.569	4.8
-1.572	4.8
-1.574	4.8
-1.577	4.8
-1.580	4.8
-1.582	4.8
-1.585	4.8
-1.588	4.8
-1.591	4.8
-1.593	4.8
-1.596	4.8
-1.599	4.8
-1.601	4.8
-1.604	4.8
-1.607	4.8
-1.609	4.8
-1.612	4.8
-1.615	4.8
-1.617	4.8
-1.620	4.8
-1.623	4.8
-1.625	4.8
-1.628	4.8
-1.631	4.8
-1.633	4.8
-1.636	4.8
-1.639	4.8
-1.641	4.8
-1.644	4.8
-1.647	4.8
-1.649	4.8
-1.652	4.8
-1.655	4.8
-1.657	4.9
-1.660	4.9
-1.663	4.9
-1.665	4.9
-1.668	4.9
-1.671	4.9
-1.673	4.9
-1.676	4.9
-1.679	4.9
-1.681	4.9
-1.684	4.9
-1.687	4.9
-1.689	4.9
-1.692	4.9
-1.695	4.9
-1.697	4.9
-1.700	4.9
-1.703	4.9
-1.705	4.9
-1.708	4.9
-1.711	4.9
-1.713	4.9
-1.716	4.9
-1.719	4.9
-1.721	4.9
-1.724	4.9
-1.727	4.9
-1.729	4.9
-1.732	4.9
-1.735	4.9
-1.737	4.9
-1.740	4.9
-1.743	4.9
-1.745	5.0
-1.748	5.0
-1.751	5.0
-1.753	5.0
-1.756	5.0
-1.759	5.0
-1.761	5.0
-1.764	5.0
-1.767	5.0
-1.769	5.0
-1.772	5.0
-1.775	5.0
-1.778	5.0
-1.780	5.0
-1.783	5.0
-1.786	5.1
-1.788	5.1
-1.791	5.1
-1.794	5.1
-1.796	5.1
-1.799	5.1
-1.802	5.1
-1.804	5.1
-1.807	5.0
-1.810	5.0
-1.812	5.1
-1.815	5.1
-1.818	5.1
-1.820	5.1
-1.823	5.1
-1.826	5.1
-1.828	5.1
-1.831	5.1
-1.834	5.1
-1.836	5.1
-1.839	5.1
-1.842	5.1
-1.844	5.1
-1.847	5.1
-1.850	5.1
-1.852	5.1
-1.855	5.1
-1.858	5.1
-1.860	5.1
-1.863	5.1
-1.866	5.1
-1.868	5.1
-1.871	5.1
-1.874	5.1
-1.876	5.1
-1.879	5.1
-1.882	5.1
-1.884	5.1
-1.887	5.1
-1.890	5.1
-1.892	5.1
-1.895	5.2
-1.898	5.2
-1.900	5.2
-1.903	5.2
-1.906	5.2
-1.908	5.2
-1.911	5.2
-1.914	5.2
-1.916	5.2
-1.919	5.2
-1.922	5.2
-1.924	5.2
-1.927	5.2
-1.930	5.2
-1.932	5.2
-1.935	5.2
-1.938	5.2
-1.940	5.2
-1.943	5.2
-1.946	5.2
-1.948	5.2
-1.951	5.2
-1.954	5.2
-1.956	5.2
-1.959	5.2
-1.962	5.2
-1.964	5.2
-1.967	5.2
-1.970	5.2
-1.972	5.2
-1.975	5.2
-1.978	5.2
-1.980	5.2
-1.983	5.2
-1.986	5.2
-1.989	5.2
-1.991	5.2
-1.994	5.2
-1.997	5.2
-1.999	5.2
-2.002	5.2
-2.005	5.2
-2.007	5.2
-2.010	5.2
-2.013	5.2
-2.015	5.2
-2.018	5.3
-2.021	5.3
-2.023	5.3
-2.026	5.3
-2.029	5.3
-2.031	5.3
-2.034	5.3
-2.037	5.3
-2.039	5.3
-2.042	5.3
-2.045	5.3
-2.047	5.3
-2.050	5.3
-2.053	5.3
-2.055	5.3
-2.058	5.3
-2.061	5.3
-2.063	5.3
-2.066	5.3
-2.069	5.3
-2.071	5.3
-2.074	5.3
-2.077	5.3
-2.079	5.3
-2.082	5.3
-2.085	5.3
-2.087	5.3
-2.090	5.3
-2.093	5.3
-2.095	5.3
-2.098	5.3
-2.101	5.3
-2.103	5.4
-2.106	5.4
-2.109	5.4
-2.111	5.4
-2.114	5.4
-2.117	5.4
-2.119	5.4
-2.122	5.4
-2.125	5.4
-2.127	5.4
-2.130	5.4
-2.133	5.4
-2.135	5.5
-2.138	5.5
-2.141	5.5
-2.143	5.5
-2.146	5.5
-2.149	5.5
-2.151	5.5
-2.154	5.5
-2.157	5.5
-2.159	5.5
-2.162	5.5
-2.165	5.5
-2.167	5.5
-2.170	5.5
-2.173	5.6
-2.175	5.6
-2.178	5.6
-2.181	5.6
-2.183	5.6
-2.186	5.6
-2.189	5.6
-2.191	5.6
-2.194	5.6
-2.197	5.6
-2.199	5.6
-2.202	5.6
-2.205	5.6
-2.207	5.6
-2.210	5.6
-2.213	5.6
-2.215	5.6
-2.218	5.6
-2.221	5.6
-2.223	5.6
-2.226	5.6
-2.229	5.6
-2.231	5.6
-2.234	5.6
-2.237	5.6
-2.240	5.6
-2.242	5.6
-2.245	5.6
-2.248	5.6
-2.250	5.6
-2.253	5.6
-2.256	5.6
-2.258	5.6
-2.261	5.6
-2.264	5.6
-2.266	5.6
-2.269	5.6
-2.272	5.6
-2.274	5.6
-2.277	5.6
-2.280	5.6
-2.282	5.6
-2.285	5.6
-2.288	5.6
-2.290	5.7
-2.293	5.6
-2.296	5.6
-2.298	5.7
-2.301	5.7
-2.304	5.7
-2.306	5.7
-2.309	5.7
-2.312	5.7
-2.314	5.7
-2.317	5.7
-2.320	5.7
-2.322	5.7
-2.325	5.7
-2.328	5.7
-2.330	5.7
-2.333	5.8
-2.336	5.8
-2.338	5.8
-2.341	5.8
-2.344	5.8
-2.346	5.8
-2.349	5.9
-2.352	5.9
-2.354	5.9
-2.357	5.9
-2.360	5.9
-2.362	5.9
-2.365	5.9
-2.368	5.9
-2.370	5.9
-2.373	5.9
-2.376	5.9
-2.378	5.9
-2.381	5.9
-2.384	5.9
-2.386	5.9
-2.389	5.9
-2.392	5.9
-2.394	5.9
-2.397	6.0
-2.400	6.0
-2.402	6.0
-2.405	6.0
-2.408	6.0
-2.410	6.0
-2.413	6.0
-2.416	6.0
-2.418	6.0
-2.421	6.0
-2.424	6.0
-2.426	6.0
-2.429	6.0
-2.432	6.0
-2.434	6.0
-2.437	6.0
-2.440	6.0
-2.442	6.0
-2.445	6.0
-2.448	6.0
-2.450	6.0
-2.453	6.0
-2.456	6.0
-2.458	6.0
-2.461	6.0
-2.464	6.0
-2.466	6.0
-2.469	6.0
-2.472	6.0
-2.474	6.0
-2.477	6.0
-2.480	6.0
-2.482	6.0
-2.485	6.0
-2.488	6.0
-2.490	6.0
-2.493	6.0
-2.496	6.0
-2.498	6.0
-2.501	6.0
-2.504	6.0
-2.506	6.0
-2.509	6.0
-2.512	6.0
-2.514	6.0
-2.517	6.0
-2.520	6.0
-2.522	6.0
-2.525	6.0
-2.528	6.0
-2.530	6.0
-2.533	6.0
-2.536	6.0
-2.538	6.0
-2.541	6.0
-2.544	6.0
-2.546	6.0
-2.549	6.0
-2.552	6.0
-2.554	6.0
-2.557	6.0
-2.560	6.0
-2.562	6.0
-2.565	6.0
-2.568	6.0
-2.570	6.0
-2.573	6.0
-2.576	6.0
-2.578	6.0
-2.581	6.0
-2.584	6.0
-2.586	6.0
-2.589	6.0
-2.592	6.0
-2.594	6.0
-2.597	6.0
-2.600	6.0
-2.602	6.0
-2.605	6.0
-2.608	6.0
-2.610	6.0
-2.613	6.0
-2.616	6.0
-2.619	6.0
-2.621	6.0
-2.624	6.0
-2.627	6.0
-2.629	6.1
-2.632	6.1
-2.635	6.1
-2.637	6.1
-2.640	6.1
-2.643	6.1
-2.645	6.1
-2.648	6.1
-2.651	6.2
-2.653	6.2
-2.656	6.2
-2.659	6.2
-2.661	6.2
-2.664	6.3
-2.667	6.3
-2.669	6.3
-2.672	6.3
-2.675	6.4
-2.677	6.4
-2.680	6.5
-2.683	6.5
-2.685	6.5
-2.688	6.5
-2.691	6.6
-2.693	6.6
-2.696	6.7
-2.699	6.7
-2.701	6.7
-2.704	6.7
-2.707	6.7
-2.709	6.8
-2.712	6.8
-2.715	6.9
-2.717	6.9
-2.720	6.9
-2.723	6.9
-2.725	7.0
-2.728	7.1
-2.731	7.1
-2.733	7.1
