1   25.226
2   -25.026
3   24.415
4   -24.536
5   -24.313
6   24.510
7   -25.132
8   25.007
9   0.430
10  -0.233
1   25.241
2   -25.051
3   24.448
4   -24.576
5   -24.355
6   24.550
7   -25.166
8   25.040
9   0.426
10  -0.230
1   25.289
2   -25.094
3   24.499
4   -24.618
5   -24.431
6   24.626
7   -25.345
8   25.114
9   0.421
10  -0.226
1   25.314
2   -25.119
3   24.532
4   -24.644
5   -24.477
6   24.671
7   -25.268
8   25.154
9   0.415
10  -0.224
1   25.315
2   -25.129
3   24.542
4   -24.650
5   -24.472
6   24.658
7   -25.249
8   25.137
9   0.409
10  -0.225
1   25.282
2   -25.109
3   24.527
4   -24.636
5   -24.471
6   24.648
7   -25.228
8   25.112
9   0.339
10  -0.220
1   25.247
2   -25.080
3   24.494
4   -24.596
5   -24.431
6   24.598
7   -25.181
8   25.068
9   0.394
10  -0.228
1   25.199
2   -25.050
3   24.450
4   -24.546
5   -24.409
6   24.560
7   -25.150
8   25.047
9   0.391
10  -0.240
1   25.151
2   025.020
3   24.412
4   -24.499
5   -24.361
6   24.498
7   -25.097
8   25.001
9   0.381
10  -0.247
