1   -20.959
2   20.952
3   -19.455
4   19.455
5   19.486
6   -19.492
7   20.979
8   -20.977
9   -0.752
10  0.745
1   -20.940
2   20.934
3   -19.435
4   19.436
5   19.489
6   -19.495
7   20.083
8   -20.981
9   -0.752
10  0.745
1   -20.040
2   20.933
3   -19.435
4   19.436
5   19.480
6   -19.485
7   20.973
8   -20.972
9   -0.752
10  0.745
1   -20.920
2   20.915
3   -19.417
4   19.417
5   19.484
6   -19.491
7   20.978
8   -20.977
9   -0.752
10  0.745
1   -20.875
2   20.869
3   -19.373
4   19.371
5   19.487
6   -19.494
7   20.981
8   -20.981
9   -0.752
10  0.745
