1   1   91.409
2   1   -91.407
3   2   92.159
4   2   -92.141
5   3   91.403
6   3   -91.415
7   4   92.164
8   4   -92.163
1   1   91.418
2   1   -91.420
3   2   92.169
4   2   -92.164
5   3   91.411
6   3   -91.423
7   4   92.170
8   4   -92.170
1   1   91.424
2   1   -91.425
3   2   92.173
4   2   -92.158
5   3   91.413
6   3   -91.428
7   4   92.175
8   4   -92.173
1   1   91.428
2   1   -91.428
3   2   92.177
4   2   -92.162
5   3   91.420
6   3   -91.432
7   4   92.179
8   4   -92.180
1   1   91.433
2   1   -91.433
3   2   92.184
4   2   -92.168
5   3   91.426
6   3   -91.439
7   4   92.188
8   4   -92.186
