1   24.660
2   -24.714
3   24.040
4   -24.034
5   -24.033
6   23.981
7   -24.638
8   24.644
9   0.298
10  -0.349
1   24.661
2   -24.711
3   24.037
4   -24.031
5   -24.034
6   23.982
7   -24.638
8   24.647
9   0.295
10  -0.351
1   24.663
2   -24.715
3   24.040
4   -24.034
5   -24.026
6   23.975
7   -24.630
8   24.641
9   0.295
10  -0.351
1   24.654
2   -24.704
3   24.031
4   -24.023
5   -24.022
6   23.972
7   -24.630
8   24.635
9   0.296
10  -0.351
1   24.642
2   -24.695
3   24.020
4   -24.015
5   -24.013
6   23.962
7   -24.617
8   24.627
9   0.296
10  -0.350
