1   74.471
2   -74.584
3   74.179
4   -74.258
5   74.521
6   -74.545
7   74.306
8   -74.067
1   74.474
2   -74.573
3   74.158
4   -74.246
5   74.512
6   -74.546
7   74.320
8   -74.089
1   74.485
2   -74.577
3   74.167
4   -74.258
5   74.519
6   -74.544
7   74.323
8   -74.103
1   74.634
2   -74.725
3   74.317
4   -74.407
5   74.663
6   -74.671
7   74.444
8   -74.230
1   74.877
2   -74.959
3   74.561
4   -74.660
5   74.924
6   -74.934
7   74.711
8   -74.510
1   75.140
2   -75.214
3   74.835
4   -74.946
5   75.205
6   -75.222
7   75.010
8   -74.831
1   75.966
2   -76.037
3   75.633
4   -75.690
5   75.886
6   -75.770
7   75.470
8   -75.278
1   76.409
2   -76.444
3   76.055
4   -76.138
5   76.397
6   -76.394
7   76.153
8   -75.998
1   76.900
2   -76.941
3   76.583
4   -76.680
5   76.963
6   -76.975
7   76.735
8   -76.611
1   78.107
2   -78.106
3   77.724
4   -77.780
5   78.050
6   -78.034
7   77.760
8   -77.640
1   80.350
2   -80.313
3   79.956
4   -79.942
5   80.200
6   -80.155
7   79.800
8   -79.699
1   81.504
2   -81.480
3   81.203
4   -81.203
5   81.537
6   -81.581
7   81.258
8   -81.308
