U_B / V	U_A / V
0.1	0.0
0.1	0.0
0.1	0.0
0.1	0.0
0.1	0.0
0.1	0.0
0.0	0.0
0.0	0.0
0.1	0.0
0.0	0.0
0.0	0.0
0.1	0.0
0.0	0.0
0.1	0.0
0.1	0.0
0.4	0.0
0.5	0.0
0.7	0.0
0.9	0.0
1.0	0.0
1.2	0.0
1.4	0.0
1.4	0.0
1.7	0.0
1.8	0.0
2.0	0.0
2.1	0.0
2.3	0.0
2.5	0.0
2.7	0.0
2.8	0.0
3.0	0.0
3.1	0.0
3.3	0.0
3.4	0.0
3.6	0.0
3.8	0.0
4.0	0.0
4.1	0.0
4.3	0.0
4.5	0.0
4.6	0.0
4.8	0.0
4.8	0.0
5.1	0.0
5.3	0.0
5.4	0.0
5.6	0.0
5.8	0.0
5.9	0.0
6.0	0.0
6.3	0.0
6.3	0.0
6.6	0.0
6.8	0.0
6.9	0.0
7.0	0.0
7.2	0.0
7.3	0.0
7.5	0.0
7.7	0.0
7.9	0.0
8.1	0.0
8.2	0.0
8.4	0.0
8.6	0.0
8.7	0.0
8.8	0.0
9.0	0.0
9.2	0.0
9.4	0.0
9.5	0.0
9.7	0.0
9.9	0.0
9.9	0.0
10.1	0.1
10.3	0.1
10.4	0.1
10.6	0.1
10.8	0.1
10.9	0.1
11.2	0.2
11.3	0.2
11.5	0.2
11.7	0.2
11.8	0.2
12.0	0.2
12.2	0.3
12.3	0.2
12.5	0.2
12.6	0.2
12.8	0.2
12.9	0.2
13.1	0.2
13.2	0.2
13.4	0.2
13.6	0.1
13.8	0.1
13.9	0.1
14.1	0.1
14.3	0.2
14.4	0.2
14.6	0.2
14.8	0.2
15.0	0.3
15.0	0.3
15.3	0.4
15.3	0.5
15.5	0.6
15.7	0.6
15.9	0.7
16.0	0.9
16.2	1.0
16.4	1.1
16.6	1.1
16.7	1.1
16.9	1.0
17.0	1.0
17.2	0.9
17.4	0.8
17.5	0.7
17.7	0.6
17.8	0.5
18.0	0.4
18.1	0.4
18.3	0.3
18.4	0.3
18.7	0.3
18.8	0.3
19.0	0.3
19.1	0.3
19.3	0.4
19.4	0.5
19.8	0.5
19.8	0.6
20.0	0.8
20.2	0.9
20.3	1.0
20.5	1.2
20.6	1.4
20.8	1.7
20.9	1.8
21.1	2.1
21.3	2.2
21.4	2.3
21.6	2.2
21.8	2.1
21.9	1.9
22.1	1.7
22.3	1.5
22.4	1.3
22.5	1.1
22.8	0.9
22.9	0.8
23.1	0.7
23.3	0.6
23.4	0.5
23.6	0.5
23.7	0.5
23.9	0.5
24.0	0.6
24.3	0.6
24.4	0.8
24.6	0.9
24.7	1.1
24.8	1.3
25.0	1.5
25.2	1.8
25.4	2.1
25.5	2.4
25.6	2.8
25.9	3.2
26.1	3.5
26.2	3.7
26.3	3.9
26.5	3.8
26.6	3.7
26.9	3.5
27.0	3.2
27.3	2.8
27.3	2.5
27.5	2.1
27.7	1.8
27.9	1.5
28.0	1.3
28.1	1.1
28.3	1.0
28.5	0.9
28.7	0.8
28.8	0.8
29.0	0.9
29.1	1.0
29.3	1.2
29.4	1.4
29.6	1.7
29.8	1.9
30.0	2.3
30.2	2.6
30.3	3.1
30.4	3.6
30.6	4.1
30.8	4.7
30.9	5.2
31.1	5.6
31.3	6.0
31.4	6.1
31.5	6.1
31.8	5.9
31.9	5.6
32.1	5.2
32.3	4.8
32.4	4.2
32.5	3.7
32.7	3.2
32.9	2.8
33.1	2.4
33.2	2.1
33.4	1.9
33.5	1.7
33.7	1.7
33.8	1.7
34.0	1.8
34.0	1.8
34.0	1.8
34.0	1.8
34.0	1.8
34.0	1.8
34.0	1.8
34.0	1.8
34.0	1.8
34.0	1.8
34.0	1.8
34.0	1.8
34.0	1.8
34.0	1.8
34.0	1.8
34.0	1.8
34.0	1.8
34.0	1.8
34.0	1.8
34.0	1.8
34.0	1.8
34.1	1.8
34.0	1.8
34.0	1.8
34.0	1.8
34.0	1.8
34.0	1.8
34.0	1.8
34.0	1.8
34.0	1.8
34.0	1.8
34.0	1.8
34.0	1.8
34.0	1.8
34.0	1.8
34.0	1.8
34.0	1.8
34.0	1.8
34.0	1.8
34.0	1.8
34.0	1.8
34.0	1.8
34.0	1.8
34.0	1.8
34.0	1.8
33.8	1.8
34.1	1.8
34.0	1.8
34.0	1.8
34.0	1.8
34.0	1.8
34.0	1.8
34.0	1.8
34.0	1.8
34.0	1.8
34.0	1.8
34.0	1.8
34.0	1.8
34.0	1.8
34.0	1.8
