U_B / V	U_A / V
0.1	0.0
0.0	0.0
0.1	0.0
0.0	0.0
0.1	0.0
0.1	0.0
0.0	0.0
0.1	0.0
0.1	0.0
0.0	0.0
0.1	0.0
0.1	0.0
0.1	0.0
0.1	0.0
0.4	0.0
0.5	0.0
0.7	0.0
0.9	0.0
1.1	0.0
1.3	0.0
1.4	0.0
1.7	0.0
1.8	0.0
2.0	0.0
2.2	0.0
2.4	0.0
2.6	0.0
2.8	0.0
3.0	0.0
3.1	-0.0
3.4	0.0
3.5	0.0
3.8	0.0
3.9	0.0
4.1	0.0
4.3	0.0
4.5	0.0
4.8	0.0
4.9	0.0
5.2	0.0
5.3	0.0
5.5	0.0
5.6	0.0
5.8	0.0
6.0	0.0
6.3	0.1
6.5	0.1
6.7	0.1
6.9	0.1
7.0	0.1
7.2	0.1
7.5	0.1
7.6	0.1
7.8	0.1
8.1	0.1
8.2	0.1
8.4	0.1
8.6	0.1
8.8	0.1
8.9	0.1
9.2	0.1
9.4	0.1
9.5	0.1
9.8	0.1
9.9	0.1
10.1	0.1
10.3	0.2
10.4	0.2
10.6	0.2
10.9	0.3
11.1	0.4
11.3	0.4
11.4	0.5
11.7	0.5
11.9	0.5
12.0	0.5
12.3	0.5
12.4	0.4
12.6	0.4
12.8	0.3
12.9	0.3
13.1	0.2
13.3	0.2
13.5	0.2
13.8	0.2
13.9	0.2
14.2	0.2
14.4	0.2
14.6	0.3
14.7	0.3
14.9	0.4
15.0	0.5
15.3	0.6
15.4	0.7
15.7	0.9
15.9	1.1
16.1	1.2
16.3	1.4
16.4	1.6
16.7	1.6
16.8	1.5
17.1	1.3
17.2	1.2
17.5	1.0
17.5	0.8
17.8	0.7
18.0	0.5
18.1	0.4
18.4	0.4
18.6	0.3
18.8	0.3
18.9	0.4
19.1	0.4
19.4	0.5
19.6	0.6
19.8	0.8
19.9	1.0
20.1	1.2
20.3	1.5
20.6	1.8
20.7	2.1
20.9	2.6
21.1	2.9
21.3	3.2
21.4	3.3
21.6	3.3
21.9	3.0
22.1	2.8
22.2	2.4
22.4	2.0
22.6	1.6
22.8	1.3
23.0	1.0
23.2	0.8
23.4	0.7
23.6	0.7
23.8	0.7
24.0	0.7
24.1	0.8
24.4	1.0
24.6	1.3
24.8	1.6
24.9	1.9
25.1	2.4
25.3	2.9
25.5	3.4
25.7	4.1
25.9	4.7
26.1	5.3
26.3	5.8
26.4	5.9
26.6	5.8
26.9	5.6
27.1	5.2
27.3	4.6
27.4	3.9
27.6	3.3
27.8	2.7
28.0	2.3
28.3	1.9
28.4	1.6
28.6	1.5
28.8	1.4
29.0	1.5
29.2	1.7
29.4	1.9
29.6	2.4
29.8	2.8
30.0	3.5
30.0	4.2
30.3	5.0
30.5	6.0
30.8	6.9
31.0	8.1
31.1	9.1
31.3	10.0
31.5	10.2
31.6	10.2
31.9	10.2
32.0	10.2
32.2	9.6
32.5	8.7
32.6	7.8
32.8	7.0
33.1	6.0
33.1	5.3
33.4	4.7
33.6	4.3
33.8	4.2
34.0	4.2
34.1	4.4
34.4	4.8
34.5	5.5
34.8	6.5
35.0	7.7
35.1	9.3
35.3	10.2
35.6	10.2
35.8	10.2
35.9	10.2
36.1	10.2
36.3	10.2
36.5	10.2
36.7	10.2
36.9	10.2
37.1	10.2
37.3	10.2
37.5	10.2
37.6	10.2
37.8	10.2
38.1	10.2
38.3	10.2
38.4	10.2
38.6	10.2
38.8	10.2
39.0	10.2
39.2	10.2
39.4	10.2
39.5	10.2
39.8	10.2
40.0	10.2
40.0	10.2
40.0	10.2
40.0	10.2
40.0	10.2
40.0	10.2
40.0	10.2
40.0	10.2
40.0	10.2
40.0	10.2
40.0	10.2
40.0	10.2
0.1	-0.0
0.1	0.0
0.1	-0.0
0.0	0.0
0.1	0.0
0.0	0.0
0.0	0.0
0.0	0.0
0.1	0.0
0.1	0.0
0.0	0.0
0.1	0.0
0.0	0.0
0.1	0.0
0.0	0.0
-0.1	0.0
0.0	-0.0
0.0	0.0
-0.1	0.0
0.0	0.0
0.0	0.0
0.1	0.0
0.0	0.0
0.1	0.0
0.1	0.0
0.0	0.0
0.1	0.0
0.1	-0.0
0.0	0.0
0.0	0.0
0.0	0.0
0.0	0.0
0.1	0.0
0.0	0.0
0.1	0.0
0.1	0.0
0.1	0.0
0.0	0.0
0.1	0.0
0.1	-0.0
0.1	0.0
0.0	0.0
0.1	0.0
0.1	0.0
0.0	0.0
0.0	0.0
0.1	0.0
0.0	-0.0
0.0	0.0
0.0	0.0
0.1	0.0
0.0	0.0
0.0	0.0
0.0	0.0
-0.1	0.0
0.1	0.0
0.1	0.0
0.1	0.0
0.0	0.0
0.0	0.0
0.0	0.0
0.0	0.0
0.0	0.0
0.0	0.0
0.1	0.0
0.0	0.0
0.0	0.0
0.0	0.0
0.0	0.0
0.1	0.0
0.1	0.0
0.0	0.0
0.0	0.0
0.0	0.0
0.0	0.0
0.1	0.0
0.0	0.0
0.1	0.0
0.0	0.0
0.0	0.0
0.1	0.0
0.0	0.0
0.1	-0.0
0.0	0.0
0.0	-0.0
0.1	0.0
0.1	-0.0
0.1	0.0
0.1	-0.0
0.1	0.0
0.0	0.0
0.1	0.0
0.1	0.0
0.1	0.0
0.1	0.0
-0.1	0.0
