U_B / V	U_A / V
0.0	0.0
0.1	0.0
0.0	0.0
0.0	0.0
0.0	0.0
0.0	0.0
0.1	0.0
0.0	0.0
0.1	0.0
0.4	0.0
0.5	0.0
0.7	0.0
0.9	0.0
1.0	0.0
1.1	0.0
1.3	0.0
1.4	0.0
1.6	0.0
1.8	0.0
2.0	0.0
2.1	0.0
2.3	0.0
2.5	0.0
2.7	0.0
2.8	0.0
2.9	0.0
3.1	0.0
3.3	0.0
3.4	0.0
3.6	0.0
3.8	0.0
3.9	0.0
4.1	0.0
4.3	0.0
4.5	0.0
4.6	0.0
4.8	0.0
4.9	0.0
5.1	0.0
5.3	0.0
5.4	0.0
5.6	0.0
5.6	0.0
5.8	0.0
6.0	0.0
6.3	0.0
6.4	0.0
6.6	0.0
6.8	0.0
6.9	0.0
7.0	0.0
7.2	0.0
7.4	0.0
7.5	0.0
7.7	0.0
7.9	0.0
8.1	0.0
8.2	0.0
8.4	0.0
8.5	0.0
8.7	0.0
8.8	0.0
9.0	0.0
9.2	0.0
9.4	0.0
9.5	0.0
9.7	0.0
9.8	0.0
10.0	0.0
10.1	0.0
10.3	0.0
10.4	0.0
10.6	0.0
10.8	0.0
10.9	0.0
11.2	0.0
11.3	0.0
11.5	0.0
11.6	0.0
11.8	0.1
11.9	0.0
12.1	0.1
12.3	0.0
12.5	0.1
12.6	0.0
12.8	0.0
12.9	0.0
13.0	0.0
13.3	0.0
13.4	0.0
13.6	0.0
13.8	0.0
13.9	0.0
14.1	0.0
14.2	0.0
14.4	0.0
14.6	0.0
14.7	0.0
14.9	0.0
15.0	0.0
15.3	0.0
15.4	0.0
15.5	0.0
15.7	0.0
15.8	0.0
16.1	0.1
16.2	0.1
16.4	0.1
16.5	0.1
16.7	0.1
16.9	0.1
17.1	0.1
17.2	0.1
17.4	0.1
17.5	0.1
17.6	0.1
17.8	0.1
18.0	0.1
18.1	0.1
18.3	0.0
18.5	0.0
18.6	0.0
18.8	0.0
18.9	0.0
19.1	0.0
19.3	0.0
19.4	0.0
19.7	0.0
19.8	0.0
19.9	0.0
20.2	0.0
20.3	0.0
20.4	0.0
20.6	0.0
20.8	0.1
21.0	0.1
21.1	0.1
21.3	0.2
21.4	0.2
21.6	0.2
21.8	0.2
21.9	0.2
22.1	0.2
22.3	0.2
22.4	0.2
22.5	0.1
22.8	0.1
22.9	0.1
23.0	0.1
23.3	0.1
23.4	0.1
23.6	0.1
23.7	0.1
23.8	0.0
24.0	0.0
24.1	0.0
24.4	0.0
24.6	0.0
24.7	0.0
24.8	0.0
25.0	0.0
25.2	0.0
25.4	0.1
25.5	0.1
25.7	0.1
25.9	0.2
26.1	0.2
26.2	0.3
26.3	0.3
26.5	0.4
26.7	0.4
26.9	0.4
27.0	0.4
27.1	0.3
27.3	0.3
27.5	0.3
27.7	0.2
27.9	0.2
27.9	0.2
28.2	0.1
28.3	0.1
28.5	0.1
28.6	0.1
28.8	0.1
28.9	0.0
29.1	0.1
29.3	0.0
29.4	0.0
29.6	0.0
29.8	0.0
29.8	0.0
30.0	0.1
30.3	0.1
30.4	0.1
30.6	0.2
30.7	0.2
30.9	0.3
31.1	0.4
31.3	0.5
31.4	0.5
31.5	0.6
31.8	0.6
31.9	0.6
32.0	0.5
32.3	0.5
32.4	0.5
32.5	0.4
32.8	0.3
32.9	0.3
33.1	0.2
33.2	0.2
33.4	0.2
33.5	0.1
33.7	0.1
33.8	0.1
34.0	0.1
34.0	0.1
34.0	0.1
34.0	0.1
34.0	0.1
33.9	0.1
34.0	0.1
34.0	0.1
34.0	0.1
34.0	0.1
34.0	0.1
34.0	0.1
34.0	0.1
34.0	0.1
34.0	0.1
34.0	0.1
34.0	0.1
34.0	0.1
34.0	0.1
34.0	0.1
34.0	0.1
34.0	0.1
34.0	0.1
34.0	0.1
34.0	0.1
34.0	0.1
34.0	0.1
34.0	0.1
34.0	0.1
34.0	0.1
34.0	0.1
34.0	0.1
34.0	0.1
34.0	0.1
34.0	0.1
34.0	0.1
34.0	0.1
33.9	0.1
34.0	0.1
34.0	0.1
34.0	0.1
34.0	0.1
34.0	0.1
34.0	0.1
34.0	0.1
34.0	0.1
34.0	0.1
34.0	0.1
34.0	0.1
34.0	0.1
34.0	0.1
34.0	0.1
0.1	0.0
0.0	0.0
0.0	0.0
0.1	0.0
0.0	0.0
0.0	0.0
0.0	0.0
0.0	0.0
0.1	0.0
0.1	0.0
-0.1	0.0
0.1	0.0
0.0	0.0
0.0	0.0
0.0	0.0
0.0	0.0
0.0	0.0
0.0	0.0
0.0	0.0
0.0	0.0
0.0	0.0
-0.1	0.0
0.0	0.0
0.1	0.0
0.1	0.0
0.1	0.0
0.0	0.0
0.0	0.0
0.1	0.0
0.0	0.0
0.0	0.0
0.0	0.0
0.1	0.0
0.1	0.0
0.1	0.0
0.1	0.0
0.1	0.0
0.1	0.0
0.0	0.0
0.1	0.0
0.1	0.0
0.0	0.0
0.0	0.0
0.0	0.0
0.1	0.0
0.0	0.0
0.1	0.0
0.1	0.0
0.1	0.0
0.1	0.0
0.0	0.0
0.1	0.0
0.0	0.0
0.0	0.0
0.1	0.0
0.1	0.0
0.1	0.0
0.1	0.0
0.1	0.0
0.1	0.0
