U_B / V	U_A / V
0.0	0.0
0.0	0.0
0.0	0.0
0.0	0.0
0.0	0.0
0.0	0.0
0.1	0.0
0.1	0.0
0.1	0.0
0.0	0.0
0.1	0.0
0.1	0.0
0.2	0.0
0.4	0.0
0.6	0.0
0.8	0.0
0.9	0.0
1.1	0.0
1.3	0.0
1.4	0.0
1.5	0.0
1.7	0.0
1.9	0.0
2.0	0.0
2.1	0.0
2.3	0.0
2.5	0.0
2.7	0.0
2.8	0.0
3.0	0.0
3.1	0.0
3.4	0.0
3.4	0.0
3.6	0.0
3.8	0.0
4.0	0.0
4.1	0.0
4.3	0.0
4.5	0.0
4.7	0.0
4.8	0.0
5.0	0.0
5.2	0.0
5.3	0.0
5.5	0.0
5.6	0.0
5.8	0.0
5.9	0.0
6.1	0.0
6.3	0.0
6.5	0.0
6.6	0.0
6.8	0.0
6.9	0.0
7.0	0.0
7.3	0.1
7.3	0.0
7.6	0.1
7.8	0.0
8.0	0.1
8.1	0.0
8.3	0.1
8.4	0.1
8.6	0.1
8.8	0.1
8.9	0.1
9.1	0.1
9.3	0.1
9.4	0.1
9.5	0.1
9.8	0.0
9.8	0.1
10.0	0.1
10.2	0.1
10.4	0.1
10.5	0.1
10.7	0.1
10.8	0.1
11.0	0.1
11.2	0.1
11.4	0.1
11.4	0.1
11.7	0.2
11.9	0.2
12.0	0.2
12.2	0.2
12.4	0.2
12.5	0.1
12.6	0.1
12.8	0.1
13.0	0.1
13.2	0.1
13.3	0.1
13.5	0.1
13.6	0.1
13.8	0.1
13.9	0.1
14.2	0.1
14.3	0.1
14.5	0.1
14.7	0.1
14.8	0.1
15.0	0.1
15.1	0.1
15.3	0.1
15.4	0.1
15.6	0.2
15.8	0.2
15.9	0.3
16.1	0.3
16.3	0.4
16.4	0.4
16.6	0.5
16.7	0.5
16.9	0.4
17.1	0.4
17.2	0.4
17.4	0.3
17.5	0.3
17.8	0.3
17.8	0.3
18.1	0.2
18.2	0.2
18.4	0.2
18.6	0.1
18.6	0.1
18.9	0.1
19.1	0.1
19.2	0.1
19.4	0.1
19.5	0.1
19.7	0.1
19.9	0.1
20.0	0.2
20.2	0.2
20.3	0.3
20.5	0.3
20.6	0.4
20.9	0.5
21.0	0.6
21.2	0.8
21.3	0.9
21.4	0.9
21.6	0.9
21.8	0.9
22.0	0.8
22.2	0.7
22.3	0.7
22.5	0.6
22.7	0.5
22.9	0.4
22.9	0.4
23.1	0.3
23.3	0.3
23.5	0.2
23.6	0.2
23.8	0.1
23.9	0.1
24.1	0.1
24.3	0.1
24.4	0.1
24.6	0.2
24.8	0.2
25.0	0.3
25.0	0.3
25.2	0.5
25.4	0.6
25.6	0.7
25.8	0.9
25.9	1.1
26.1	1.3
26.2	1.4
26.4	1.5
26.6	1.6
26.8	1.5
26.9	1.5
27.1	1.4
27.1	1.2
27.3	1.1
27.5	0.9
27.7	0.8
27.9	0.7
28.1	0.6
28.2	0.4
28.4	0.4
28.6	0.3
28.7	0.3
28.8	0.2
29.0	0.2
29.2	0.2
29.3	0.2
29.4	0.2
29.6	0.3
29.8	0.4
30.0	0.5
30.2	0.6
30.3	0.8
30.4	1.1
30.7	1.3
30.8	1.6
31.0	1.9
31.1	2.1
31.3	2.3
31.4	2.4
31.6	2.5
31.8	2.4
31.9	2.3
32.1	2.2
32.3	2.0
32.4	1.8
32.6	1.5
32.8	1.4
33.0	1.1
33.1	0.9
33.2	0.8
33.5	0.7
33.5	0.5
33.8	0.5
34.0	0.4
34.0	0.4
34.0	0.4
34.0	0.4
34.0	0.4
34.0	0.4
34.0	0.4
34.0	0.4
34.0	0.4
34.0	0.4
34.0	0.4
34.0	0.4
34.0	0.4
34.0	0.4
34.0	0.4
34.0	0.4
34.0	0.4
34.0	0.4
34.0	0.4
34.0	0.4
34.0	0.4
34.0	0.4
-0.1	0.0
0.1	0.0
0.0	0.0
0.1	0.0
0.1	0.0
0.0	0.0
0.0	0.0
0.1	0.0
0.1	0.0
0.1	0.0
0.0	0.0
0.1	0.0
0.0	0.0
0.1	0.0
0.0	0.0
0.0	0.0
-0.1	0.0
0.1	0.0
0.1	0.0
0.1	0.0
0.1	0.0
0.0	0.0
0.1	0.0
0.0	0.0
0.1	0.0
0.1	0.0
0.1	0.0
0.0	0.0
0.1	0.0
0.1	0.0
0.0	0.0
0.1	0.0
0.0	0.0
0.1	0.0
0.0	0.0
0.1	0.0
0.0	0.0
0.1	0.0
0.0	0.0
0.1	0.0
0.1	0.0
0.1	0.0
0.1	0.0
0.1	0.0
0.1	0.0
0.1	0.0
0.1	0.0
0.1	0.0
0.1	0.0
0.1	0.0
0.1	0.0
0.1	0.0
0.1	0.0
0.1	0.0
0.1	0.0
