U_B / V	U_A / V
0.0	0.0
0.0	0.0
0.0	0.0
0.0	0.0
0.1	0.0
0.4	0.0
0.6	0.0
0.8	0.0
1.0	0.0
1.2	0.0
1.4	0.0
1.6	0.0
1.8	0.0
2.0	0.0
2.2	0.0
2.5	0.0
2.6	0.0
2.8	0.0
3.0	0.0
3.2	0.0
3.4	0.0
3.6	0.0
3.8	0.0
4.1	0.0
4.2	0.0
4.4	0.0
4.7	0.0
4.8	0.0
5.0	0.0
5.2	0.0
5.4	0.0
5.6	0.0
5.8	0.0
6.2	0.0
6.2	0.0
6.5	0.0
6.6	0.0
6.9	0.0
7.0	0.0
7.3	0.0
7.4	0.0
7.7	0.0
7.9	0.0
8.1	0.0
8.3	0.0
8.4	0.0
8.7	0.0
8.8	0.0
9.1	0.0
9.3	0.0
9.4	0.0
9.7	0.0
9.8	0.0
10.1	0.1
10.3	0.1
10.4	0.1
10.7	0.1
10.8	0.1
11.1	0.2
11.3	0.2
11.4	0.2
11.7	0.3
11.9	0.3
12.1	0.3
12.3	0.3
12.5	0.2
12.7	0.2
12.8	0.2
13.1	0.2
13.3	0.2
13.4	0.1
13.7	0.1
13.9	0.1
14.2	0.1
14.3	0.1
14.6	0.1
14.7	0.2
15.0	0.2
15.1	0.2
15.3	0.3
15.5	0.4
15.8	0.5
15.9	0.6
16.1	0.7
16.4	0.8
16.5	0.8
16.7	0.8
16.9	0.7
17.1	0.7
17.3	0.6
17.5	0.5
17.8	0.4
17.9	0.4
18.1	0.3
18.4	0.2
18.6	0.2
18.8	0.2
19.0	0.2
19.2	0.2
19.4	0.3
19.5	0.3
19.8	0.4
20.0	0.5
20.2	0.7
20.4	0.8
20.6	1.0
20.8	1.2
21.0	1.4
21.2	1.6
21.3	1.7
21.6	1.6
21.8	1.5
22.0	1.4
22.2	1.2
22.4	1.0
22.6	0.8
22.9	0.6
23.0	0.5
23.2	0.4
23.4	0.4
23.6	0.3
23.8	0.3
24.0	0.4
24.2	0.5
24.4	0.6
24.6	0.7
24.8	0.9
25.0	1.1
25.2	1.3
25.4	1.7
25.6	2.0
25.8	2.3
26.1	2.6
26.3	2.9
26.4	2.9
26.7	2.8
26.9	2.5
27.1	2.3
27.3	1.9
27.5	1.6
27.7	1.3
27.9	1.0
28.1	0.8
28.3	0.7
28.5	0.6
28.7	0.6
28.9	0.6
29.1	0.7
29.3	0.9
29.5	1.0
29.6	1.3
29.8	1.6
30.1	1.9
30.3	2.4
30.5	2.9
30.7	3.3
30.9	3.9
31.1	4.2
31.3	4.5
31.5	4.5
31.7	4.3
31.9	4.0
32.1	3.6
32.4	3.1
32.5	2.6
32.8	2.1
32.9	1.8
33.1	1.4
33.4	1.2
33.5	1.1
33.7	1.1
33.9	1.1
34.1	1.3
34.3	1.5
34.5	1.7
34.7	2.2
34.9	2.7
35.1	3.2
35.4	3.9
35.6	4.7
35.8	5.4
36.0	6.0
36.1	6.7
36.3	7.0
36.6	7.1
36.8	6.9
36.9	6.6
37.1	6.0
37.4	5.5
37.5	4.7
37.8	4.0
38.0	3.4
38.1	2.9
38.4	2.6
38.6	2.3
38.8	2.2
39.0	2.3
39.2	2.5
39.4	2.9
39.6	3.4
39.8	3.9
40.0	4.8
40.3	5.6
40.4	6.8
40.6	7.9
40.8	9.0
41.1	10.2
41.2	10.2
41.4	10.2
41.6	10.2
41.8	10.2
42.0	10.2
42.0	10.2
42.0	10.2
42.0	10.2
42.0	10.2
42.0	10.2
42.0	10.2
42.0	10.2
42.0	10.2
42.0	10.2
42.0	10.2
42.0	10.2
42.0	10.2
42.0	10.2
42.0	10.2
42.0	10.2
42.0	10.2
42.0	10.2
42.0	10.2
42.0	10.2
42.0	10.2
42.0	10.2
42.0	10.2
0.1	7.1
0.0	0.0
0.1	0.0
0.0	0.0
0.1	0.0
0.0	0.0
0.1	0.0
0.0	0.0
0.1	0.0
0.1	0.0
0.0	0.0
0.0	0.0
0.1	0.0
0.1	0.0
0.1	0.0
0.1	0.0
0.0	0.0
0.1	0.0
0.1	0.0
0.1	0.0
0.0	0.0
0.1	0.0
0.0	0.0
0.1	0.0
0.0	0.0
0.1	0.0
0.0	0.0
0.1	0.0
0.0	0.0
0.1	0.0
0.0	0.0
0.1	0.0
0.1	0.0
0.1	0.0
0.1	0.0
0.1	0.0
0.1	0.0
0.0	0.0
0.0	0.0
0.0	0.0
0.0	0.0
0.1	0.0
0.1	0.0
0.0	0.0
0.0	0.0
0.1	0.0
0.1	0.0
0.1	0.0
0.1	0.0
0.0	0.0
0.1	0.0
0.1	0.0
0.0	0.0
0.0	0.0
0.0	0.0
0.0	0.0
0.0	0.0
0.0	0.0
0.0	0.0
0.0	0.0
