U_B / V	U_A / V
0.1	0.0
0.1	0.0
0.1	0.0
0.1	0.0
0.0	0.0
0.0	0.0
0.1	0.0
0.0	0.0
0.1	0.0
0.1	0.0
0.0	0.0
0.0	0.0
0.1	0.0
0.0	0.0
0.1	0.0
0.3	0.0
0.4	0.0
0.6	0.0
0.7	0.0
0.9	0.0
1.0	0.0
1.2	0.0
1.4	0.0
1.4	0.0
1.7	0.0
1.8	0.0
2.0	0.0
2.1	0.0
2.3	0.0
2.5	0.0
2.7	0.0
2.8	0.0
2.9	0.0
3.1	0.0
3.3	0.0
3.4	0.0
3.6	0.0
3.8	0.0
4.0	0.0
4.1	0.0
4.3	0.0
4.5	0.0
4.6	0.0
4.8	0.0
5.0	0.0
5.1	0.0
5.3	0.0
5.4	0.0
5.6	0.0
5.8	0.0
5.9	0.1
6.0	0.0
6.3	0.1
6.5	0.1
6.6	0.1
6.8	0.1
6.9	0.1
7.0	0.1
7.3	0.1
7.3	0.1
7.5	0.1
7.7	0.1
8.0	0.1
8.0	0.1
8.3	0.1
8.4	0.1
8.5	0.1
8.7	0.1
8.9	0.1
9.1	0.1
9.2	0.1
9.4	0.2
9.5	0.2
9.7	0.2
9.8	0.2
10.0	0.2
10.1	0.2
10.3	0.2
10.5	0.2
10.7	0.3
10.8	0.3
10.9	0.3
11.2	0.3
11.3	0.4
11.5	0.4
11.7	0.4
11.8	0.4
12.0	0.4
12.1	0.4
12.3	0.4
12.5	0.4
12.6	0.4
12.8	0.4
12.9	0.4
13.1	0.3
13.3	0.3
13.4	0.3
13.6	0.3
13.8	0.3
13.9	0.4
14.1	0.4
14.3	0.4
14.4	0.4
14.6	0.5
14.8	0.5
14.9	0.5
15.1	0.6
15.3	0.6
15.4	0.7
15.5	0.8
15.8	0.9
15.9	1.0
16.1	1.0
16.2	1.1
16.4	1.2
16.6	1.2
16.8	1.1
16.9	1.1
17.1	1.0
17.2	0.9
17.4	0.9
17.5	0.8
17.6	0.7
17.8	0.7
18.0	0.7
18.1	0.6
18.4	0.6
18.5	0.6
18.6	0.7
18.8	0.7
19.1	0.7
19.1	0.8
19.4	0.8
19.4	0.9
19.7	1.0
19.8	1.1
20.0	1.2
20.2	1.4
20.4	1.5
20.5	1.7
20.6	1.9
20.9	2.0
21.0	2.2
21.2	2.3
21.3	2.4
21.4	2.4
21.6	2.3
21.8	2.1
21.9	1.9
22.1	1.7
22.3	1.5
22.5	1.4
22.7	1.3
22.8	1.1
22.9	1.1
23.1	1.1
23.3	1.1
23.4	1.1
23.6	1.1
23.7	1.2
23.9	1.3
24.0	1.4
24.2	1.5
24.4	1.7
24.6	1.8
24.7	2.0
24.9	2.2
25.1	2.5
25.2	2.7
25.4	3.0
25.6	3.2
25.7	3.6
25.9	3.8
26.1	4.0
26.3	4.1
26.3	4.0
26.5	3.9
26.8	3.6
26.9	3.3
27.1	3.0
27.2	2.6
27.3	2.4
27.5	2.1
27.7	2.0
27.9	1.8
28.0	1.8
28.2	1.7
28.4	1.7
28.5	1.8
28.7	1.9
28.8	2.0
29.0	2.2
29.1	2.4
29.3	2.6
29.5	2.9
29.6	3.2
29.8	3.5
30.0	3.8
30.1	4.2
30.3	4.7
30.4	5.0
30.6	5.5
30.8	5.9
31.0	6.3
31.1	6.4
31.4	6.4
31.4	6.2
31.6	5.9
31.8	5.6
31.9	5.1
32.1	4.6
32.3	4.2
32.4	3.8
32.5	3.5
32.8	3.2
33.0	3.0
33.1	2.9
33.3	2.9
33.4	2.9
33.5	3.0
33.7	3.2
33.8	3.4
34.0	3.6
34.0	3.6
34.0	3.6
34.0	3.6
34.0	3.6
34.0	3.6
34.0	3.6
34.0	3.6
34.0	3.6
34.0	3.6
34.0	3.6
34.0	3.6
34.0	3.6
34.0	3.6
34.0	3.6
34.0	3.6
34.0	3.6
34.0	3.6
34.0	3.6
34.0	3.6
34.0	3.6
34.0	3.6
34.0	3.6
34.0	3.6
34.0	3.6
34.0	3.6
34.0	3.6
34.0	3.6
34.0	3.6
34.0	3.6
34.0	3.6
34.0	3.6
34.0	3.6
34.0	3.6
34.0	3.6
34.0	3.6
34.0	3.6
34.0	3.6
34.0	3.6
34.0	3.6
34.0	3.6
