t / s	B_B1 / mT	I_A1 / A
0.0	7	-0.01
0.1	7	-0.01
0.2	7	-0.01
0.3	7	-0.00
0.4	7	-0.01
0.5	7	-0.01
0.6	7	-0.00
0.7	7	-0.01
0.8	7	-0.01
0.9	7	-0.01
1.0	7	-0.01
1.1	7	-0.00
1.2	7	-0.01
1.3	7	-0.01
1.4	7	-0.01
1.5	7	-0.01
1.6	7	-0.01
1.7	7	-0.01
1.8	7	-0.01
1.9	7	-0.01
2.0	7	-0.01
2.1	7	-0.01
2.2	7	-0.01
2.3	7	-0.00
2.4	7	-0.01
2.5	7	-0.01
2.6	7	-0.01
2.7	7	-0.01
2.8	7	-0.00
2.9	7	-0.01
3.0	7	-0.01
3.1	7	-0.01
3.2	7	-0.01
3.3	7	-0.01
3.4	6	-0.01
3.5	7	-0.01
3.6	7	-0.01
3.7	7	-0.00
3.8	7	-0.01
3.9	7	-0.01
4.0	7	-0.01
4.1	17	0.10
4.2	35	0.31
4.3	53	0.50
4.4	61	0.60
4.5	80	0.79
4.6	99	0.99
4.7	104	1.04
4.8	110	1.10
4.9	116	1.16
5.0	151	1.51
5.1	139	1.38
5.2	150	1.49
5.3	148	1.48
5.4	150	1.49
5.5	151	1.51
5.6	158	1.58
5.7	163	1.64
5.8	168	1.68
5.9	169	1.70
6.0	181	1.82
6.1	183	1.83
6.2	189	1.90
6.3	207	2.06
6.4	217	2.17
6.5	215	2.15
6.6	232	2.33
6.7	232	2.33
6.8	240	2.40
6.9	241	2.42
7.0	253	2.52
7.1	251	2.51
7.2	256	2.56
7.3	268	2.68
7.4	265	2.64
7.5	276	2.77
7.6	278	2.79
7.7	281	2.82
7.8	288	2.88
7.9	300	3.01
8.0	307	3.08
8.1	318	3.20
8.2	319	3.20
8.3	321	3.22
8.4	334	3.36
8.5	333	3.34
8.6	355	3.55
8.7	375	3.77
8.8	370	3.70
8.9	377	3.79
9.0	380	3.83
9.1	378	3.79
9.2	381	3.83
9.3	380	3.82
9.4	381	3.83
9.5	383	3.86
9.6	387	3.90
9.7	392	3.95
9.8	390	3.93
9.9	397	4.01
10.0	404	4.09
10.1	406	4.10
10.2	410	4.15
10.3	424	4.28
10.4	426	4.31
10.5	433	4.38
10.6	436	4.41
10.7	440	4.47
10.8	442	4.49
10.9	453	4.61
11.0	452	4.59
11.1	455	4.64
11.2	454	4.62
11.3	461	4.72
11.4	461	4.70
11.5	466	4.77
11.6	470	4.82
11.7	470	4.80
11.8	485	5.00
11.9	484	4.96
12.0	486	5.01
12.1	493	5.09
12.2	493	5.08
12.3	498	5.16
12.4	501	5.21
12.5	504	5.25
12.6	507	5.29
12.7	508	5.29
12.8	509	5.32
12.9	512	5.35
13.0	515	5.39
13.1	515	5.38
13.2	519	5.44
13.3	520	5.46
13.4	522	5.50
13.5	526	5.54
13.6	526	5.54
13.7	528	5.57
13.8	536	5.70
13.9	537	5.72
14.0	537	5.72
14.1	537	5.72
14.2	540	5.77
14.3	540	5.75
14.4	546	5.86
14.5	547	5.89
14.6	548	5.90
14.7	542	5.77
14.8	544	5.80
14.9	544	5.80
15.0	543	5.79
15.1	544	5.81
15.2	550	5.93
15.3	552	5.97
15.4	553	5.99
15.5	560	6.10
15.6	567	6.25
15.7	572	6.35
15.8	572	6.34
15.9	573	6.37
16.0	574	6.39
16.1	576	6.43
16.2	577	6.46
16.3	579	6.51
16.4	587	6.68
16.5	587	6.67
16.6	587	6.69
16.7	590	6.76
16.8	590	6.75
16.9	593	6.81
17.0	593	6.84
17.1	594	6.86
17.2	595	6.88
17.3	596	6.88
17.4	597	6.93
17.5	599	6.96
17.6	599	6.99
17.7	602	7.04
17.8	601	7.04
17.9	602	7.06
18.0	605	7.12
18.1	606	7.15
18.2	609	7.22
18.3	611	7.29
18.4	612	7.32
18.5	614	7.35
18.6	615	7.38
18.7	615	7.41
18.8	617	7.47
18.9	618	7.47
19.0	624	7.66
19.1	625	7.66
19.2	624	7.65
19.3	628	7.79
19.4	630	7.82
19.5	629	7.81
19.6	634	7.96
19.7	635	7.98
19.8	635	7.98
19.9	636	8.00
20.0	639	8.10
20.1	639	8.09
20.2	639	8.11
20.3	641	8.16
20.4	642	8.20
20.5	643	8.22
20.6	644	8.25
20.7	646	8.34
20.8	647	8.37
20.9	647	8.37
21.0	650	8.38
21.1	652	8.38
21.2	655	8.38
21.3	657	8.38
21.4	657	8.38
21.5	658	8.38
21.6	660	8.38
21.7	663	8.38
21.8	663	8.38
21.9	663	8.38
22.0	665	8.38
22.1	667	8.38
22.2	666	8.38
22.3	668	8.38
22.4	668	8.38
22.5	670	8.38
22.6	670	8.38
22.7	672	8.38
22.8	672	8.38
22.9	674	8.38
23.0	675	8.38
23.1	677	8.38
23.2	679	8.38
23.3	679	8.38
23.4	681	8.38
23.5	681	8.38
23.6	680	8.38
23.7	675	8.38
23.8	663	8.38
23.9	658	8.38
24.0	658	8.38
24.1	658	8.38
24.2	658	8.38
24.3	657	8.38
24.4	657	8.38
24.5	656	8.38
24.6	656	8.38
24.7	655	8.38
24.8	655	8.38
24.9	655	8.38
25.0	655	8.38
25.1	654	8.38
25.2	653	8.38
25.3	648	8.32
25.4	646	8.23
25.5	643	8.14
25.6	641	8.07
25.7	638	7.96
25.8	634	7.83
25.9	627	7.62
26.0	622	7.47
26.1	620	7.41
26.2	617	7.31
26.3	613	7.20
26.4	609	7.10
26.5	606	7.02
26.6	604	6.96
26.7	599	6.82
26.8	596	6.75
26.9	595	6.72
27.0	594	6.72
27.1	589	6.59
27.2	580	6.37
27.3	572	6.19
27.4	565	6.04
27.5	557	5.90
27.6	545	5.70
27.7	535	5.52
27.8	535	5.52
27.9	530	5.45
28.0	525	5.38
28.1	509	5.15
28.2	509	5.15
28.3	504	5.09
28.4	489	4.90
28.5	471	4.69
28.6	465	4.62
28.7	461	4.57
28.8	455	4.51
28.9	449	4.45
29.0	447	4.42
29.1	434	4.28
29.2	428	4.22
29.3	405	3.98
29.4	395	3.87
29.5	387	3.79
29.6	390	3.83
29.7	389	3.81
29.8	389	3.82
29.9	389	3.83
30.0	389	3.82
30.1	390	3.83
30.2	382	3.75
30.3	277	2.70
30.4	318	3.16
30.5	215	2.08
30.6	258	2.56
30.7	215	2.07
30.8	238	2.34
30.9	204	1.96
31.0	195	1.87
31.1	176	1.68
31.2	160	1.52
31.3	154	1.46
31.4	146	1.39
31.5	118	1.10
31.6	96	0.88
31.7	49	0.42
31.8	26	0.18
31.9	11	0.04
32.0	5	-0.02
32.1	7	0.00
32.2	7	0.00
32.3	7	-0.00
32.4	7	0.00
32.5	7	-0.00
32.6	7	-0.00
32.7	7	0.00
32.8	7	0.00
32.9	7	0.00
33.0	7	0.00
33.1	7	0.00
33.2	7	0.00
33.3	7	0.00
33.4	7	0.00
33.5	7	0.00
33.6	7	0.00
33.7	7	0.00
33.8	7	0.00
33.9	7	-0.00
34.0	7	0.00
34.1	7	-0.00
34.2	7	0.00
34.3	7	-0.00
34.4	7	0.00
34.5	7	-0.00
34.6	7	0.00
34.7	7	-0.00
34.8	7	0.00
34.9	7	0.00
35.0	7	0.00
35.1	7	0.00
35.2	7	0.00
35.3	7	0.00
