&a / °	I1 / %
5,459	0,0
5,454	0,0
5,449	0,0
5,443	0,0
5,438	0,0
5,433	0,0
5,428	0,0
5,422	0,0
5,417	0,0
5,412	0,0
5,406	0,0
5,401	0,0
5,396	0,0
5,390	0,0
5,385	0,0
5,380	0,0
5,375	0,0
5,369	0,0
5,364	0,0
5,359	0,0
5,353	0,0
5,348	0,0
5,343	0,0
5,337	0,0
5,332	0,0
5,327	0,0
5,322	0,0
5,316	0,0
5,311	0,0
5,306	0,0
5,300	0,0
5,295	0,0
5,290	0,0
5,284	0,0
5,279	0,0
5,274	0,0
5,269	0,0
5,263	0,0
5,258	0,0
5,253	0,0
5,247	0,0
5,242	0,0
5,237	0,0
5,231	0,0
5,226	0,0
5,221	0,0
5,216	0,0
5,210	0,0
5,205	0,0
5,200	0,0
5,194	0,0
5,189	0,0
5,184	0,0
5,178	0,0
5,173	0,0
5,168	0,0
5,162	0,0
5,157	0,0
5,152	0,0
5,147	0,0
5,141	0,0
5,136	0,0
5,131	0,0
5,125	0,0
5,120	0,0
5,115	0,0
5,109	0,0
5,104	0,0
5,099	0,0
5,094	0,0
5,088	0,0
5,083	0,0
5,078	0,0
5,072	0,0
5,067	0,0
5,062	0,0
5,056	0,0
5,051	0,0
5,046	0,0
5,040	0,0
5,035	0,0
5,030	0,0
5,025	0,0
5,019	0,0
5,014	0,0
5,009	0,0
5,003	0,0
4,998	0,0
4,993	0,0
4,987	0,0
4,982	0,0
4,977	0,0
4,971	0,0
4,966	0,0
4,961	0,0
4,956	0,0
4,950	0,0
4,945	0,0
4,940	0,0
4,934	0,0
4,929	0,0
4,924	0,0
4,918	0,0
4,913	0,0
4,908	0,0
4,902	0,0
4,897	0,0
4,892	0,0
4,887	0,0
4,881	0,0
4,876	0,0
4,871	0,0
4,865	0,1
4,860	0,3
4,855	0,4
4,849	0,5
4,844	0,6
4,839	0,7
4,833	0,8
4,828	0,8
4,823	0,7
4,818	0,6
4,812	0,5
4,807	0,5
4,802	0,4
4,796	0,4
4,791	0,5
4,786	0,8
4,780	1,0
4,775	1,4
4,770	1,6
4,764	2,0
4,759	2,0
4,754	2,0
4,748	1,8
4,743	1,4
4,738	1,2
4,733	1,1
4,727	0,9
4,722	0,8
4,717	0,8
4,711	0,8
4,706	1,2
4,701	2,0
4,695	2,5
4,690	3,2
4,685	3,6
4,679	4,0
4,674	4,0
4,669	3,6
4,663	3,1
4,658	2,4
4,653	2,0
4,648	1,6
4,642	1,3
4,637	1,3
4,632	1,4
4,626	1,8
4,621	2,4
4,616	3,2
4,610	4,4
4,605	5,6
4,600	6,4
4,594	6,6
4,589	6,2
4,584	5,2
4,578	4,4
4,573	3,6
4,568	2,8
4,563	2,4
4,557	2,0
4,552	2,0
4,547	2,0
4,541	2,4
4,536	3,2
4,531	4,8
4,525	6,5
4,520	8,4
4,515	9,6
4,509	9,9
4,504	9,0
4,499	7,5
4,493	5,9
4,488	4,7
4,483	3,6
4,478	2,8
4,472	2,4
4,467	2,1
4,462	2,4
4,456	2,8
4,451	3,6
4,446	5,4
4,440	7,8
4,435	10,5
4,430	12,5
4,424	13,2
4,419	12,4
4,414	10,5
4,408	8,2
4,403	6,2
4,398	4,6
4,392	3,6
4,387	2,8
4,382	2,5
4,377	2,4
4,371	2,7
4,366	3,3
4,361	4,8
4,355	7,5
4,350	10,7
4,345	13,9
4,339	15,9
4,334	16,2
4,329	14,7
4,323	12,0
4,318	9,2
4,313	6,8
4,307	5,2
4,302	4,4
4,297	3,6
4,291	3,1
4,286	2,8
4,281	2,8
4,275	3,6
4,270	5,2
4,265	8,1
4,260	12,0
4,254	15,8
4,249	18,4
4,244	18,8
4,238	17,2
4,233	14,0
4,228	10,8
4,222	8,0
4,217	6,0
4,212	4,8
4,206	3,8
4,201	3,2
4,196	2,8
4,190	2,8
4,185	3,2
4,180	4,4
4,174	7,2
4,169	11,2
4,164	15,3
4,158	18,8
4,153	20,4
4,148	19,6
4,143	16,8
4,137	13,2
4,132	10,0
4,127	7,5
4,121	5,6
4,116	4,4
4,111	3,6
4,105	3,2
4,100	3,2
4,095	3,2
4,089	3,6
4,084	5,2
4,079	8,4
4,073	12,7
4,068	17,2
4,063	20,8
4,057	22,2
4,052	21,2
4,047	18,0
4,041	14,1
4,036	10,5
4,031	7,9
4,025	6,0
4,020	4,8
4,015	4,0
4,009	3,6
4,004	3,2
3,999	3,2
3,994	3,6
3,988	4,8
3,983	7,6
3,978	11,7
3,972	16,4
3,967	20,8
3,962	23,2
3,956	23,2
3,951	20,4
3,946	16,4
3,940	12,5
3,935	9,3
3,930	6,9
3,924	5,4
3,919	4,5
3,914	4,0
3,908	3,6
3,903	3,5
3,898	3,6
3,892	4,0
3,887	5,6
3,882	9,2
3,876	13,5
3,871	18,3
3,866	22,0
3,860	24,0
3,855	23,5
3,850	20,5
3,844	16,4
3,839	12,4
3,834	9,2
3,829	7,2
3,823	5,6
3,818	4,8
3,813	4,2
3,807	3,9
3,802	3,6
3,797	3,6
3,791	4,0
3,786	5,5
3,781	8,4
3,775	12,4
3,770	17,2
3,765	21,6
3,759	24,0
3,754	24,5
3,749	22,1
3,743	18,3
3,738	14,2
3,733	10,6
3,727	8,0
3,722	6,3
3,717	5,2
3,711	4,5
3,706	4,1
3,701	4,0
3,695	4,0
3,690	4,0
3,685	4,4
3,679	6,2
3,674	9,6
3,669	13,6
3,663	18,4
3,658	22,4
3,653	24,8
3,647	24,9
3,642	22,3
3,637	18,3
3,632	14,0
3,626	10,6
3,621	8,1
3,616	6,4
3,610	5,3
3,605	4,8
3,600	4,3
3,594	4,0
3,589	4,0
3,584	4,0
3,578	4,4
3,573	5,6
3,568	8,4
3,562	12,3
3,557	16,8
3,552	21,5
3,546	24,4
3,541	25,6
3,536	24,2
3,530	20,6
3,525	16,4
3,520	12,4
3,514	9,5
3,509	7,4
3,504	5,9
3,498	5,1
3,493	4,7
3,488	4,4
3,482	4,2
3,477	4,2
3,472	4,2
3,466	4,8
3,461	6,0
3,456	8,8
3,450	12,5
3,445	17,0
3,440	21,6
3,434	24,8
3,429	26,3
3,424	25,2
3,418	21,9
3,413	17,4
3,408	13,2
3,402	10,0
3,397	7,7
3,392	6,2
3,386	5,2
3,381	4,5
3,376	4,1
3,370	4,1
3,365	4,1
3,360	4,4
3,354	4,8
3,349	5,6
3,344	7,2
3,338	10,4
3,333	14,0
3,328	18,7
3,322	23,0
3,317	25,8
3,312	26,9
3,306	25,4
3,301	21,9
3,296	17,5
3,291	13,4
3,285	10,3
3,280	8,0
3,275	6,4
3,269	5,2
3,264	4,8
3,259	4,4
3,253	4,4
3,248	4,4
3,243	4,6
3,237	4,9
3,232	5,3
3,227	6,3
3,221	8,4
3,216	11,9
3,211	16,1
3,205	20,8
3,200	24,8
3,195	27,2
3,189	27,6
3,184	25,4
3,179	21,4
3,173	16,9
3,168	12,9
3,163	9,7
3,157	7,6
3,152	6,0
3,147	5,2
3,141	4,8
3,136	4,4
3,131	4,4
3,125	4,4
3,120	4,8
3,115	5,2
3,109	5,6
3,104	6,4
3,099	8,4
3,093	11,6
3,088	15,3
3,083	19,9
3,077	24,2
3,072	27,1
3,067	28,4
3,061	27,6
3,056	24,7
3,051	20,4
3,045	16,0
3,040	12,4
3,035	9,6
3,029	7,6
3,024	6,1
3,019	5,2
3,013	4,8
3,008	4,4
3,003	4,4
2,997	4,4
2,992	4,6
2,987	5,0
2,981	5,6
2,976	6,4
2,971	8,0
2,965	10,9
2,960	14,4
2,955	18,8
2,949	23,4
2,944	27,0
2,939	29,3
2,933	29,8
2,928	27,8
2,923	24,0
2,917	19,6
2,912	15,5
2,907	11,9
2,901	9,3
2,896	7,5
2,891	6,2
2,885	5,2
2,880	4,8
2,875	4,4
2,869	4,4
2,864	4,4
2,859	4,4
2,853	4,8
2,848	5,2
2,843	6,0
2,837	7,6
2,832	10,0
2,827	13,5
2,821	17,2
2,816	21,7
2,811	26,0
2,805	29,1
2,800	30,7
2,795	30,4
2,789	28,0
2,784	24,1
2,779	19,6
2,773	15,6
2,768	12,1
2,763	9,6
2,757	7,6
2,752	6,4
2,747	5,2
2,741	4,8
2,736	4,2
2,731	4,2
2,725	4,2
2,720	4,2
2,715	4,4
2,709	4,8
2,704	5,4
2,699	6,4
2,693	8,0
2,688	10,8
2,683	14,4
2,677	18,4
2,672	22,8
2,667	27,1
2,661	30,0
2,656	31,6
2,651	31,6
2,645	29,5
2,640	25,6
2,635	21,2
2,629	16,8
2,624	13,2
2,619	10,4
2,613	8,4
2,608	6,8
2,602	5,7
2,597	4,9
2,592	4,5
2,586	4,3
2,581	4,2
2,576	4,2
2,570	4,2
2,565	4,2
2,560	4,6
2,554	5,1
2,549	6,0
2,544	7,6
2,538	10,0
2,533	13,2
2,528	17,1
2,522	21,2
2,517	25,7
2,512	29,3
2,506	31,6
2,501	32,4
2,496	31,6
2,490	28,9
2,485	24,9
2,480	20,5
2,474	16,5
2,469	13,0
2,464	10,3
2,458	8,4
2,453	7,1
2,448	6,0
2,442	5,2
2,437	4,8
2,432	4,4
2,426	4,3
2,421	4,3
2,416	4,3
2,410	4,3
2,405	4,4
2,400	4,8
2,394	5,2
2,389	6,0
2,384	7,4
2,378	9,7
2,373	12,8
2,368	16,4
2,362	20,3
2,357	24,6
2,352	28,4
2,346	31,2
2,341	32,8
2,336	32,9
2,330	31,3
2,325	28,4
2,320	24,4
2,314	20,2
2,309	16,3
2,304	13,2
2,298	10,8
2,293	9,2
2,288	8,0
2,282	7,2
2,277	6,4
2,272	6,0
2,266	5,8
2,261	5,7
2,256	5,7
2,250	5,6
2,245	5,6
2,240	5,7
2,234	6,0
2,229	6,4
2,223	6,8
2,218	7,3
2,213	8,3
2,207	10,0
2,202	12,4
2,197	15,6
2,191	18,8
2,186	22,6
2,181	26,6
2,175	30,2
2,170	32,6
2,165	33,8
2,159	33,5
2,154	31,8
2,149	28,9
2,143	25,2
2,138	21,1
2,133	17,2
2,127	14,0
2,122	11,5
2,117	9,3
2,111	7,7
2,106	6,6
2,101	5,8
2,095	5,2
2,090	4,8
2,085	4,4
2,079	4,4
2,074	4,3
2,069	4,3
2,063	4,3
2,058	4,3
2,053	4,3
2,047	4,4
2,042	4,8
2,037	5,2
2,031	5,7
2,026	6,7
2,021	8,3
2,015	10,7
2,010	13,6
2,005	16,8
1,999	20,0
1,994	23,7
1,989	27,5
1,983	30,5
1,978	32,5
1,972	33,5
1,967	33,2
1,962	31,9
1,956	29,2
1,951	25,6
1,946	21,6
1,940	18,0
1,935	14,8
1,930	12,1
1,924	10,1
1,919	8,5
1,914	7,3
1,908	6,5
1,903	6,0
1,898	5,6
1,892	5,2
1,887	5,2
1,882	5,2
1,876	5,2
1,871	5,2
1,866	5,3
1,860	5,4
1,855	5,6
1,850	5,7
1,844	6,0
1,839	6,2
1,834	6,5
1,828	6,8
1,823	7,4
1,818	8,2
1,812	9,4
1,807	11,5
1,802	13,9
1,796	16,6
1,791	19,6
1,786	23,1
1,780	26,5
1,775	29,7
1,769	32,1
1,764	33,4
1,759	34,0
1,753	33,6
1,748	32,1
1,743	29,7
1,737	26,4
1,732	22,8
1,727	19,2
1,721	16,0
1,716	13,2
1,711	11,2
1,705	9,5
1,700	8,1
1,695	7,2
1,689	6,4
1,684	5,7
1,679	5,2
1,673	4,8
1,668	4,4
1,663	4,4
1,657	4,4
1,652	4,4
1,647	4,4
1,641	4,4
1,636	4,4
1,631	4,4
1,625	4,4
1,620	4,4
1,615	4,6
1,609	4,8
1,604	5,2
1,599	5,6
1,593	6,1
1,588	6,8
1,582	8,0
1,577	9,6
1,572	11,8
1,566	14,4
1,561	17,2
1,556	20,0
1,550	22,8
1,545	25,7
1,540	28,8
1,534	31,5
1,529	33,2
1,524	34,4
1,518	34,9
1,513	35,0
1,508	34,3
1,502	32,7
1,497	30,2
1,492	27,1
1,486	23,6
1,481	20,3
1,476	17,2
1,470	14,6
1,465	12,4
1,460	10,8
1,454	9,2
1,449	8,0
1,444	7,2
1,438	6,4
1,433	6,0
1,428	5,6
1,422	5,1
1,417	4,7
1,411	4,4
1,406	4,3
1,401	4,1
1,395	4,0
1,390	4,0
1,385	4,0
1,379	4,0
1,374	4,1
1,369	4,1
1,363	4,1
1,358	4,1
1,353	4,5
1,347	4,8
1,342	5,2
1,337	5,6
1,331	6,0
1,326	6,4
1,321	6,9
1,315	7,6
1,310	8,4
1,305	9,6
1,299	11,1
1,294	12,8
1,289	14,8
1,283	17,2
1,278	19,6
1,273	22,0
1,267	24,3
1,262	26,7
1,256	29,2
1,251	31,6
1,246	33,6
1,240	35,0
1,235	36,0
1,230	36,2
1,224	36,2
1,219	35,6
1,214	34,6
1,208	33,1
1,203	31,1
1,198	28,6
1,192	25,7
1,187	22,7
1,182	19,9
1,176	17,2
1,171	14,9
1,166	12,9
1,160	11,4
1,155	10,1
1,150	9,0
1,144	8,2
1,139	7,4
1,134	6,8
1,128	6,4
1,123	6,0
1,118	6,0
1,112	5,7
1,107	5,7
1,101	5,6
1,096	5,6
1,091	5,6
1,085	5,6
1,080	5,6
1,075	5,6
1,069	5,6
1,064	5,6
1,059	5,3
1,053	5,2
1,048	5,0
1,043	4,9
1,037	4,8
1,032	4,8
1,027	4,7
1,021	4,7
1,016	4,7
1,011	4,8
1,005	4,8
1,000	5,1
0,995	5,2
0,989	5,6
0,984	5,8
0,979	6,2
0,973	6,5
0,968	6,9
0,962	7,4
0,957	8,2
0,952	8,9
0,946	9,7
0,941	11,0
0,936	12,7
0,930	14,4
0,925	16,0
0,920	17,6
0,914	19,7
0,909	22,0
0,904	24,3
0,898	26,4
0,893	28,4
0,888	30,4
0,882	32,4
0,877	34,4
0,872	36,1
0,866	37,6
0,861	38,6
0,856	39,2
0,850	39,6
0,845	39,5
0,840	39,1
0,834	38,4
0,829	37,8
0,823	36,9
0,818	35,8
0,813	34,3
0,807	32,8
0,802	31,2
0,797	29,2
0,791	27,1
0,786	24,8
0,781	22,4
0,775	20,4
0,770	18,4
0,765	16,7
0,759	15,1
0,754	13,9
0,749	12,7
0,743	11,6
0,738	10,7
0,733	10,0
0,727	9,3
0,722	8,8
0,717	8,4
0,711	8,1
0,706	7,8
0,701	7,6
0,695	7,2
0,690	6,9
0,684	6,6
0,679	6,4
0,674	6,1
0,668	6,0
0,663	5,6
0,658	5,5
0,652	5,2
0,647	5,0
0,642	4,8
0,636	4,8
0,631	4,5
0,626	4,5
0,620	4,4
0,615	4,4
0,610	4,4
0,604	4,4
0,599	4,4
0,594	4,4
0,588	4,4
0,583	4,4
0,578	4,4
0,572	4,4
0,567	4,4
0,561	4,4
0,556	4,5
0,551	4,8
0,545	4,8
0,540	5,2
0,535	5,2
0,529	5,2
0,524	5,2
0,519	5,2
0,513	5,2
0,508	5,2
0,503	5,1
0,497	5,0
0,492	4,8
0,487	4,8
0,481	4,7
0,476	4,7
0,471	4,6
0,465	4,7
0,460	4,8
0,455	4,8
0,449	4,8
0,444	4,9
0,438	5,0
0,433	5,2
0,428	5,2
0,422	5,4
0,417	5,6
0,412	5,6
0,406	5,8
0,401	6,0
0,396	6,4
0,390	6,8
0,385	7,1
0,380	7,2
0,374	7,3
0,369	7,6
0,364	7,6
0,358	7,7
0,353	7,7
0,348	7,9
0,342	7,9
0,337	8,0
0,332	8,0
0,326	8,3
0,321	8,6
0,316	8,9
0,310	9,2
0,305	9,6
0,299	9,9
0,294	10,1
0,289	10,4
0,283	10,7
0,278	11,1
0,273	11,5
0,267	12,0
0,262	12,4
0,257	12,8
0,251	13,4
0,246	14,1
0,241	14,9
0,235	15,6
0,230	16,0
0,225	16,4
0,219	16,9
0,214	17,3
0,209	17,7
0,203	18,0
0,198	18,4
0,193	18,8
0,187	19,1
0,182	19,2
0,176	19,6
0,171	20,0
0,166	20,4
0,160	20,8
0,155	21,2
0,150	21,6
0,144	22,0
0,139	22,3
0,134	22,6
0,128	22,8
0,123	23,2
0,118	23,3
0,112	23,7
0,107	24,1
0,102	24,4
0,096	24,8
0,091	24,9
0,086	24,9
0,080	25,0
0,075	25,0
0,070	25,1
0,064	25,1
0,059	25,1
0,053	25,1
0,048	25,2
0,043	25,2
0,037	25,2
0,032	25,2
0,027	25,2
0,021	25,2
0,016	25,2
0,011	25,3
0,005	25,3
0,000	25,6
-0,005	25,6
-0,011	25,6
-0,016	25,6
-0,021	25,6
-0,027	25,8
-0,032	25,8
-0,037	25,9
-0,043	25,8
-0,048	25,6
-0,053	25,3
-0,059	25,1
-0,064	24,8
-0,070	24,7
-0,075	24,4
-0,080	24,3
-0,086	23,9
-0,091	23,6
-0,096	23,4
-0,102	23,2
-0,107	23,1
-0,112	22,9
-0,118	22,7
-0,123	22,4
-0,128	22,1
-0,134	22,0
-0,139	21,7
-0,144	21,4
-0,150	21,2
-0,155	20,8
-0,160	20,4
-0,166	20,0
-0,171	19,6
-0,176	18,8
-0,182	17,2
-0,187	15,6
-0,193	14,8
-0,198	14,8
-0,203	14,4
-0,209	13,6
-0,214	12,8
-0,219	12,0
-0,225	12,0
-0,230	12,4
-0,235	12,8
-0,241	12,7
-0,246	12,4
-0,251	12,0
-0,257	11,4
-0,262	11,0
-0,267	10,8
-0,273	10,8
-0,278	10,4
-0,283	9,7
-0,289	9,1
-0,294	8,8
-0,299	8,7
-0,305	8,5
-0,310	8,4
-0,316	8,0
-0,321	7,7
-0,326	7,6
-0,332	7,4
-0,337	7,2
-0,342	7,2
-0,348	7,1
-0,353	6,9
-0,358	6,8
-0,364	6,8
-0,369	6,8
-0,374	6,8
-0,380	6,8
-0,385	6,5
-0,390	6,4
-0,396	6,3
-0,401	6,0
-0,406	5,9
-0,412	5,6
-0,417	5,4
-0,422	5,2
-0,428	5,2
-0,433	5,2
-0,438	5,1
-0,444	5,1
-0,449	5,1
-0,455	5,1
-0,460	5,1
-0,465	5,2
-0,471	5,2
-0,476	5,2
-0,481	5,2
-0,487	5,2
-0,492	5,2
-0,497	5,2
-0,503	5,2
-0,508	4,9
-0,513	4,7
-0,519	4,7
-0,524	4,5
-0,529	4,4
-0,535	4,4
-0,540	4,4
-0,545	4,4
-0,551	4,4
-0,556	4,4
-0,561	4,5
-0,567	4,6
-0,572	4,8
-0,578	4,8
-0,583	4,9
-0,588	5,0
-0,594	5,1
-0,599	5,1
-0,604	5,2
-0,610	5,2
-0,615	5,2
-0,620	5,2
-0,626	5,2
-0,631	5,2
-0,636	5,5
-0,642	5,6
-0,647	5,8
-0,652	6,0
-0,658	6,3
-0,663	6,4
-0,668	6,8
-0,674	7,0
-0,679	7,3
-0,684	7,6
-0,690	8,0
-0,695	8,4
-0,701	8,8
-0,706	9,5
-0,711	10,0
-0,717	10,8
-0,722	11,9
-0,727	13,0
-0,733	14,4
-0,738	15,6
-0,743	17,3
-0,749	19,2
-0,754	21,3
-0,759	23,6
-0,765	26,0
-0,770	28,4
-0,775	30,8
-0,781	32,8
-0,786	34,4
-0,791	35,3
-0,797	36,1
-0,802	36,9
-0,807	37,6
-0,813	38,2
-0,818	38,6
-0,823	38,8
-0,829	38,8
-0,834	38,4
-0,840	37,5
-0,845	36,1
-0,850	34,4
-0,856	32,4
-0,861	30,8
-0,866	29,2
-0,872	27,8
-0,877	26,2
-0,882	24,5
-0,888	22,4
-0,893	20,3
-0,898	18,1
-0,904	16,0
-0,909	14,1
-0,914	12,4
-0,920	11,2
-0,925	10,0
-0,930	9,0
-0,936	8,2
-0,941	7,6
-0,946	7,2
-0,952	6,8
-0,957	6,4
-0,962	6,0
-0,968	5,6
-0,973	5,3
-0,979	5,2
-0,984	4,9
-0,989	4,7
-0,995	4,5
-1,000	4,4
-1,005	4,4
-1,011	4,4
-1,016	4,4
-1,021	4,4
-1,027	4,4
-1,032	4,4
-1,037	4,4
-1,043	4,4
-1,048	4,4
-1,053	4,4
-1,059	4,4
-1,064	4,5
-1,069	4,7
-1,075	4,8
-1,080	5,0
-1,085	5,2
-1,091	5,6
-1,096	6,0
-1,101	6,3
-1,107	6,7
-1,112	7,2
-1,118	7,7
-1,123	8,4
-1,128	9,4
-1,134	10,5
-1,139	12,0
-1,144	13,6
-1,150	15,6
-1,155	17,9
-1,160	20,6
-1,166	23,8
-1,171	27,2
-1,176	30,0
-1,182	32,4
-1,187	33,9
-1,192	35,0
-1,198	35,8
-1,203	36,5
-1,208	36,7
-1,214	36,0
-1,219	34,4
-1,224	32,1
-1,230	29,8
-1,235	27,6
-1,240	25,5
-1,246	23,2
-1,251	20,8
-1,256	18,4
-1,262	15,6
-1,267	13,3
-1,273	11,3
-1,278	9,7
-1,283	8,5
-1,289	7,6
-1,294	6,8
-1,299	6,4
-1,305	6,0
-1,310	5,6
-1,315	5,2
-1,321	4,9
-1,326	4,6
-1,331	4,4
-1,337	4,4
-1,342	4,4
-1,347	4,4
-1,353	4,4
-1,358	4,4
-1,363	4,4
-1,369	4,4
-1,374	4,4
-1,379	4,4
-1,385	4,6
-1,390	4,7
-1,395	4,9
-1,401	5,2
-1,406	5,6
-1,411	6,0
-1,417	6,8
-1,422	7,6
-1,428	8,4
-1,433	9,6
-1,438	11,2
-1,444	13,2
-1,449	16,0
-1,454	19,1
-1,460	22,3
-1,465	25,7
-1,470	28,8
-1,476	31,2
-1,481	32,9
-1,486	34,0
-1,492	34,9
-1,497	35,1
-1,502	34,0
-1,508	32,0
-1,513	29,4
-1,518	27,0
-1,524	24,5
-1,529	21,7
-1,534	18,8
-1,540	15,6
-1,545	12,9
-1,550	10,8
-1,556	9,2
-1,561	8,0
-1,566	7,1
-1,572	6,3
-1,577	5,8
-1,582	5,4
-1,588	5,0
-1,593	4,6
-1,599	4,5
-1,604	4,4
-1,609	4,4
-1,615	4,4
-1,620	4,4
-1,625	4,4
-1,631	4,4
-1,636	4,4
-1,641	4,8
-1,647	5,0
-1,652	5,3
-1,657	5,7
-1,663	6,1
-1,668	6,8
-1,673	7,6
-1,679	8,8
-1,684	10,4
-1,689	12,4
-1,695	15,2
-1,700	18,7
-1,705	22,6
-1,711	26,6
-1,716	30,0
-1,721	32,3
-1,727	33,8
-1,732	34,4
-1,737	33,8
-1,743	32,2
-1,748	29,8
-1,753	27,3
-1,759	24,8
-1,764	22,0
-1,769	18,8
-1,775	15,6
-1,780	12,8
-1,786	10,4
-1,791	8,8
-1,796	7,5
-1,802	6,5
-1,807	5,8
-1,812	5,3
-1,818	4,9
-1,823	4,8
-1,828	4,5
-1,834	4,5
-1,839	4,4
-1,844	4,4
-1,850	4,4
-1,855	4,6
-1,860	4,8
-1,866	5,2
-1,871	5,4
-1,876	5,8
-1,882	6,3
-1,887	7,0
-1,892	8,0
-1,898	9,2
-1,903	11,2
-1,908	14,0
-1,914	17,3
-1,919	21,5
-1,924	25,6
-1,930	29,2
-1,935	31,6
-1,940	33,1
-1,946	33,9
-1,951	33,5
-1,956	31,6
-1,962	28,8
-1,967	25,9
-1,972	22,7
-1,978	19,1
-1,983	15,5
-1,989	12,3
-1,994	9,9
-1,999	8,0
-2,005	6,9
-2,010	6,0
-2,015	5,4
-2,021	4,9
-2,026	4,5
-2,031	4,4
-2,037	4,4
-2,042	4,4
-2,047	4,4
-2,053	4,4
-2,058	4,7
-2,063	4,9
-2,069	5,3
-2,074	5,7
-2,079	6,4
-2,085	7,2
-2,090	8,5
-2,095	10,4
-2,101	12,9
-2,106	16,2
-2,111	20,5
-2,117	25,1
-2,122	29,1
-2,127	31,5
-2,133	32,8
-2,138	33,2
-2,143	32,2
-2,149	29,6
-2,154	26,5
-2,159	23,3
-2,165	19,7
-2,170	15,7
-2,175	12,4
-2,181	9,8
-2,186	8,0
-2,191	6,8
-2,197	6,0
-2,202	5,2
-2,207	4,8
-2,213	4,4
-2,218	4,4
-2,223	4,4
-2,229	4,4
-2,234	4,4
-2,240	4,8
-2,245	4,9
-2,250	5,2
-2,256	5,6
-2,261	6,4
-2,266	7,7
-2,272	9,6
-2,277	12,0
-2,282	15,5
-2,288	19,8
-2,293	24,6
-2,298	28,5
-2,304	30,8
-2,309	32,4
-2,314	32,8
-2,320	31,2
-2,325	28,3
-2,330	25,1
-2,336	21,2
-2,341	17,0
-2,346	13,2
-2,352	10,3
-2,357	8,3
-2,362	6,8
-2,368	5,9
-2,373	5,1
-2,378	4,8
-2,384	4,4
-2,389	4,4
-2,394	4,4
-2,400	4,4
-2,405	4,5
-2,410	4,9
-2,416	5,3
-2,421	6,0
-2,426	6,8
-2,432	8,1
-2,437	10,0
-2,442	12,8
-2,448	16,4
-2,453	20,8
-2,458	25,2
-2,464	28,4
-2,469	30,4
-2,474	31,6
-2,480	30,9
-2,485	28,2
-2,490	25,0
-2,496	21,4
-2,501	17,2
-2,506	13,2
-2,512	10,0
-2,517	8,0
-2,522	6,4
-2,528	5,6
-2,533	4,9
-2,538	4,5
-2,544	4,4
-2,549	4,4
-2,554	4,4
-2,560	4,6
-2,565	4,9
-2,570	5,4
-2,576	6,0
-2,581	7,0
-2,586	8,4
-2,592	10,4
-2,597	13,3
-2,602	17,2
-2,608	21,6
-2,613	25,6
-2,619	28,0
-2,624	29,9
-2,629	30,3
-2,635	28,5
-2,640	25,4
-2,645	22,0
-2,651	18,0
-2,656	14,0
-2,661	10,8
-2,667	8,4
-2,672	6,8
-2,677	5,9
-2,683	5,2
-2,688	4,8
-2,693	4,4
-2,699	4,4
-2,704	4,4
-2,709	4,8
-2,715	5,2
-2,720	6,0
-2,725	6,8
-2,731	8,0
-2,736	10,4
-2,741	12,8
-2,747	16,4
-2,752	20,8
-2,757	24,9
-2,763	27,7
-2,768	29,2
-2,773	29,6
-2,779	27,6
-2,784	24,5
-2,789	20,8
-2,795	16,7
-2,800	12,8
-2,805	9,9
-2,811	7,9
-2,816	6,5
-2,821	5,6
-2,827	5,1
-2,832	4,7
-2,837	4,7
-2,843	4,8
-2,848	5,2
-2,853	5,6
-2,859	6,1
-2,864	7,0
-2,869	8,2
-2,875	10,1
-2,880	12,8
-2,885	16,4
-2,891	20,9
-2,896	24,9
-2,901	27,4
-2,907	28,7
-2,912	28,3
-2,917	25,8
-2,923	22,5
-2,928	18,4
-2,933	14,4
-2,939	10,8
-2,944	8,4
-2,949	6,8
-2,955	6,0
-2,960	5,2
-2,965	4,9
-2,971	4,8
-2,976	4,9
-2,981	5,2
-2,987	5,6
-2,992	6,2
-2,997	7,2
-3,003	8,6
-3,008	10,6
-3,013	13,6
-3,019	17,6
-3,024	22,1
-3,029	25,7
-3,035	27,7
-3,040	28,5
-3,045	26,9
-3,051	23,6
-3,056	19,4
-3,061	15,0
-3,067	11,4
-3,072	8,9
-3,077	7,3
-3,083	6,2
-3,088	5,5
-3,093	5,1
-3,099	4,8
-3,104	4,8
-3,109	5,2
-3,115	5,6
-3,120	6,3
-3,125	7,2
-3,131	8,8
-3,136	11,2
-3,141	14,4
-3,147	18,8
-3,152	23,2
-3,157	26,1
-3,163	27,7
-3,168	27,2
-3,173	24,8
-3,179	21,2
-3,184	16,9
-3,189	12,9
-3,195	9,7
-3,200	7,6
-3,205	6,3
-3,211	5,3
-3,216	4,8
-3,221	4,5
-3,227	4,5
-3,232	4,8
-3,237	5,3
-3,243	6,2
-3,248	7,4
-3,253	9,1
-3,259	11,6
-3,264	15,3
-3,269	19,7
-3,275	23,6
-3,280	26,4
-3,285	27,2
-3,291	23,9
-3,296	19,3
-3,301	14,9
-3,306	12,0
-3,312	9,6
-3,317	7,6
-3,322	6,1
-3,328	5,2
-3,333	4,8
-3,338	4,4
-3,344	4,4
-3,349	4,8
-3,354	5,2
-3,360	6,0
-3,365	7,2
-3,370	8,9
-3,376	11,7
-3,381	15,4
-3,386	19,5
-3,392	23,1
-3,397	25,5
-3,402	26,2
-3,408	24,4
-3,413	21,2
-3,418	16,8
-3,424	12,4
-3,429	9,2
-3,434	6,9
-3,440	5,6
-3,445	4,8
-3,450	4,4
-3,456	4,4
-3,461	4,4
-3,466	4,8
-3,472	5,6
-3,477	6,5
-3,482	8,3
-3,488	10,8
-3,493	14,4
-3,498	18,8
-3,504	22,7
-3,509	24,8
-3,514	24,8
-3,520	22,9
-3,525	19,8
-3,530	16,0
-3,536	12,0
-3,541	8,8
-3,546	6,4
-3,552	5,2
-3,557	4,4
-3,562	4,1
-3,568	4,1
-3,573	4,2
-3,578	4,8
-3,584	5,6
-3,589	6,9
-3,594	9,2
-3,600	12,4
-3,605	16,4
-3,610	20,6
-3,616	23,6
-3,621	25,1
-3,626	24,2
-3,632	21,4
-3,637	17,4
-3,642	13,0
-3,647	9,5
-3,653	6,8
-3,658	5,4
-3,663	4,6
-3,669	4,2
-3,674	4,1
-3,679	4,1
-3,685	4,8
-3,690	5,6
-3,695	7,1
-3,701	9,2
-3,706	12,4
-3,711	16,5
-3,717	20,5
-3,722	23,3
-3,727	24,4
-3,733	23,0
-3,738	19,9
-3,743	15,7
-3,749	11,6
-3,754	8,4
-3,759	6,4
-3,765	5,2
-3,770	4,4
-3,775	4,0
-3,781	4,0
-3,786	4,4
-3,791	5,2
-3,797	6,4
-3,802	8,4
-3,807	11,2
-3,813	14,8
-3,818	18,8
-3,823	21,9
-3,829	23,5
-3,834	22,7
-3,839	20,0
-3,844	16,0
-3,850	11,9
-3,855	8,5
-3,860	6,4
-3,866	5,2
-3,871	4,4
-3,876	4,0
-3,882	4,0
-3,887	4,4
-3,892	5,2
-3,898	6,5
-3,903	8,5
-3,908	11,5
-3,914	15,2
-3,919	18,9
-3,924	21,1
-3,930	21,5
-3,935	20,0
-3,940	17,2
-3,946	13,6
-3,951	10,0
-3,956	7,3
-3,962	5,7
-3,967	4,8
-3,972	4,4
-3,978	4,4
-3,983	4,4
-3,988	5,2
-3,994	6,0
-3,999	7,6
-4,004	10,1
-4,009	13,6
-4,015	17,3
-4,020	20,4
-4,025	22,0
-4,031	21,2
-4,036	18,4
-4,041	14,5
-4,047	10,8
-4,052	8,0
-4,057	6,0
-4,063	4,9
-4,068	4,4
-4,073	4,4
-4,079	4,5
-4,084	5,2
-4,089	6,1
-4,095	7,7
-4,100	10,1
-4,105	13,3
-4,111	16,8
-4,116	19,6
-4,121	20,5
-4,127	19,3
-4,132	16,9
-4,137	13,6
-4,143	10,0
-4,148	7,3
-4,153	5,7
-4,158	4,8
-4,164	4,4
-4,169	4,4
-4,174	4,8
-4,180	5,6
-4,185	6,8
-4,190	8,9
-4,196	11,7
-4,201	15,3
-4,206	18,1
-4,212	20,0
-4,217	19,9
-4,222	17,9
-4,228	14,6
-4,233	10,9
-4,238	8,0
-4,244	6,0
-4,249	4,8
-4,254	4,4
-4,260	4,4
-4,265	4,8
-4,270	5,6
-4,275	6,8
-4,281	8,8
-4,286	11,6
-4,291	14,8
-4,297	17,8
-4,302	19,6
-4,307	19,5
-4,313	17,5
-4,318	14,0
-4,323	10,5
-4,329	7,8
-4,334	6,0
-4,339	5,2
-4,345	4,7
-4,350	4,7
-4,355	5,1
-4,361	5,9
-4,366	7,1
-4,371	8,8
-4,377	11,6
-4,382	15,1
-4,387	17,9
-4,392	19,2
-4,398	18,4
-4,403	16,0
-4,408	12,5
-4,414	9,3
-4,419	6,8
-4,424	5,6
-4,430	4,8
-4,435	4,4
-4,440	4,7
-4,446	5,5
-4,451	6,7
-4,456	8,7
-4,462	11,1
-4,467	14,0
-4,472	16,8
-4,478	18,4
-4,483	18,1
-4,488	16,2
-4,493	13,1
-4,499	9,8
-4,504	7,0
-4,509	5,4
-4,515	4,6
-4,520	4,4
-4,525	4,8
-4,531	5,6
-4,536	6,7
-4,541	8,4
-4,547	10,8
-4,552	13,6
-4,557	16,0
-4,563	17,6
-4,568	17,2
-4,573	15,4
-4,578	12,5
-4,584	9,5
-4,589	6,9
-4,594	5,3
-4,600	4,5
-4,605	4,4
-4,610	4,8
-4,616	5,6
-4,621	6,8
-4,626	8,8
-4,632	11,2
-4,637	14,0
-4,642	16,3
-4,648	17,4
-4,653	16,6
-4,658	14,4
-4,663	11,2
-4,669	8,4
-4,674	6,3
-4,679	5,1
-4,685	4,4
-4,690	4,4
-4,695	4,8
-4,701	6,0
-4,706	7,6
-4,711	9,7
-4,717	12,3
-4,722	14,7
-4,727	16,3
-4,733	16,4
-4,738	14,8
-4,743	12,0
-4,748	9,2
-4,754	6,8
-4,759	5,2
-4,764	4,4
-4,770	4,0
-4,775	4,1
-4,780	5,2
-4,786	6,8
-4,791	8,8
-4,796	11,3
-4,802	14,0
-4,807	15,8
-4,812	16,0
-4,818	14,5
-4,823	12,0
-4,828	9,2
-4,833	6,8
-4,839	5,2
-4,844	4,4
-4,849	4,0
-4,855	4,0
-4,860	4,8
-4,865	6,3
-4,871	8,4
-4,876	11,2
-4,881	13,7
-4,887	15,3
-4,892	15,6
-4,897	14,0
-4,902	11,6
-4,908	8,8
-4,913	6,4
-4,918	4,8
-4,924	4,0
-4,929	3,6
-4,934	3,6
-4,940	4,4
-4,945	6,0
-4,950	8,4
-4,956	11,2
-4,961	13,6
-4,966	15,2
-4,971	14,8
-4,977	12,9
-4,982	10,1
-4,987	7,4
-4,993	5,4
-4,998	4,3
-5,003	3,5
-5,009	3,2
-5,014	3,6
-5,019	4,4
-5,025	6,0
-5,030	8,4
-5,035	11,2
-5,040	13,6
-5,046	14,4
-5,051	13,3
-5,056	11,0
-5,062	8,3
-5,067	6,0
-5,072	4,4
-5,078	3,6
-5,083	3,2
-5,088	3,2
-5,094	3,6
-5,099	4,8
-5,104	6,7
-5,109	9,2
-5,115	11,6
-5,120	12,9
-5,125	12,7
-5,131	10,9
-5,136	8,4
-5,141	6,0
-5,147	4,4
-5,152	3,3
-5,157	2,9
-5,162	2,8
-5,168	3,2
-5,173	3,7
-5,178	5,2
-5,184	7,2
-5,189	9,6
-5,194	11,2
-5,200	11,2
-5,205	10,0
-5,210	8,0
-5,216	5,8
-5,221	4,2
-5,226	3,1
-5,231	2,5
-5,237	2,3
-5,242	2,7
-5,247	3,2
-5,253	4,4
-5,258	6,0
-5,263	8,0
-5,269	9,2
-5,274	9,4
-5,279	8,4
-5,284	6,8
-5,290	4,9
-5,295	3,7
-5,300	2,9
-5,306	2,4
-5,311	2,0
-5,316	2,3
-5,322	2,8
-5,327	3,6
-5,332	4,8
-5,337	6,0
-5,343	6,9
-5,348	7,0
-5,353	6,2
-5,359	5,0
-5,364	3,9
-5,369	3,0
-5,375	2,2
-5,380	1,8
-5,385	1,6
-5,390	1,7
-5,396	2,1
-5,401	2,9
-5,406	3,7
-5,412	4,5
-5,417	4,9
-5,422	4,8
-5,428	4,3
-5,433	3,5
-5,438	2,7
-5,443	1,9
-5,449	1,5
-5,454	1,3
